28
58
59
60
61
62
63
64
65
66
67
68
69
70
71
72
73
74
75
76
77
78
79
80
81
82
83
84
85
0
6
12
16
22
28
34
40
46
52
58
62
67
72
78
84
88
94
100
106
112
118
124
128
135
141
147
151
157
45
46
57
59
69
71
46
47
58
61
71
72
49
62
73
74
47
48
59
62
72
75
48
49
60
61
74
75
50
51
57
64
70
76
51
52
63
65
76
77
52
53
64
66
77
78
53
54
65
67
78
79
54
55
66
68
79
80
55
56
67
80
57
58
70
71
81
57
63
69
76
81
58
59
69
72
81
82
59
61
71
75
82
83
60
74
84
85
60
62
73
75
85
86
61
62
72
74
83
86
63
64
70
77
81
88
64
65
76
78
88
89
65
66
77
79
89
90
66
67
78
80
90
91
67
68
79
91
69
70
71
76
82
88
92
71
72
81
83
92
93
72
75
82
86
93
94
73
85
87
95
73
74
84
86
95
96
