28
0
6
10
16
22
28
32
38
43
50
56
62
67
70
76
82
86
93
98
103
110
114
120
124
130
136
140
144
148
74
75
83
85
94
96
84
95
97
98
76
77
81
89
92
99
77
78
88
90
99
100
78
79
89
91
100
101
79
80
90
101
81
82
88
93
99
102
82
83
92
94
102
83
86
93
96
102
103
104
84
85
87
96
97
105
85
86
94
95
103
105
87
95
98
105
106
87
97
106
88
89
92
100
102
107
89
90
99
101
107
108
90
91
100
108
92
93
94
99
104
107
109
94
96
104
105
110
94
102
103
109
110
95
96
97
103
106
110
111
97
98
105
111
99
100
102
108
109
112
100
101
107
112
102
104
107
110
112
113
103
104
105
109
111
113
105
106
110
113
107
108
109
113
109
110
111
112
