29
29
30
31
32
33
34
35
36
37
38
39
40
41
42
43
44
45
46
47
48
49
50
51
52
53
54
55
56
57
0
4
10
16
22
28
34
38
44
50
56
62
68
74
79
82
88
94
100
106
112
116
122
128
133
140
146
152
156
163
28
41
42
43
17
18
23
31
36
44
18
19
30
32
44
45
19
20
31
33
45
46
20
21
32
34
46
47
21
22
33
35
47
48
22
34
48
49
23
24
30
37
44
50
24
25
36
38
50
51
25
37
39
51
52
53
25
26
27
38
40
53
27
28
39
41
53
54
28
29
40
42
54
55
29
41
43
55
56
29
42
56
30
31
36
45
50
57
31
32
44
46
57
58
32
33
45
47
58
59
33
34
46
48
59
61
34
35
47
49
61
62
35
48
60
62
36
37
44
51
57
63
37
38
50
52
63
64
38
51
53
64
65
38
39
40
52
54
65
66
40
41
53
55
66
67
41
42
54
56
67
68
42
43
55
68
44
45
50
58
63
69
70
