340
1	1.0000000000000000e+00	1.0000000000000000e+00	0.0000000000000000e+00
2	-1.0000000000000000e+00	1.0000000000000000e+00	0.0000000000000000e+00
3	-1.0000000000000000e+00	-1.0000000000000000e+00	0.0000000000000000e+00
4	1.0000000000000000e+00	-1.0000000000000000e+00	0.0000000000000000e+00
5	8.7500000000034661e-01	1.0000000000000000e+00	0.0000000000000000e+00
6	7.5000000000069333e-01	1.0000000000000000e+00	0.0000000000000000e+00
7	6.2500000000104017e-01	1.0000000000000000e+00	0.0000000000000000e+00
8	5.0000000000138711e-01	1.0000000000000000e+00	0.0000000000000000e+00
9	3.7500000000173389e-01	1.0000000000000000e+00	0.0000000000000000e+00
10	2.5000000000208078e-01	1.0000000000000000e+00	0.0000000000000000e+00
11	1.2500000000242770e-01	1.0000000000000000e+00	0.0000000000000000e+00
12	2.7527979895580760e-12	1.0000000000000000e+00	0.0000000000000000e+00
13	-1.2499999999757240e-01	1.0000000000000000e+00	0.0000000000000000e+00
14	-2.4999999999791919e-01	1.0000000000000000e+00	0.0000000000000000e+00
15	-3.7499999999826611e-01	1.0000000000000000e+00	0.0000000000000000e+00
16	-4.9999999999861289e-01	1.0000000000000000e+00	0.0000000000000000e+00
17	-6.2499999999895972e-01	1.0000000000000000e+00	0.0000000000000000e+00
18	-7.4999999999930633e-01	1.0000000000000000e+00	0.0000000000000000e+00
19	-8.7499999999965317e-01	1.0000000000000000e+00	0.0000000000000000e+00
20	-1.0000000000000000e+00	8.7500000000034661e-01	0.0000000000000000e+00
21	-1.0000000000000000e+00	7.5000000000069333e-01	0.0000000000000000e+00
22	-1.0000000000000000e+00	6.2500000000104017e-01	0.0000000000000000e+00
23	-1.0000000000000000e+00	5.0000000000138711e-01	0.0000000000000000e+00
24	-1.0000000000000000e+00	3.7500000000173389e-01	0.0000000000000000e+00
25	-1.0000000000000000e+00	2.5000000000208078e-01	0.0000000000000000e+00
26	-1.0000000000000000e+00	1.2500000000242770e-01	0.0000000000000000e+00
27	-1.0000000000000000e+00	2.7527979895580760e-12	0.0000000000000000e+00
28	-1.0000000000000000e+00	-1.2499999999757240e-01	0.0000000000000000e+00
29	-1.0000000000000000e+00	-2.4999999999791919e-01	0.0000000000000000e+00
30	-1.0000000000000000e+00	-3.7499999999826611e-01	0.0000000000000000e+00
31	-1.0000000000000000e+00	-4.9999999999861289e-01	0.0000000000000000e+00
32	-1.0000000000000000e+00	-6.2499999999895972e-01	0.0000000000000000e+00
33	-1.0000000000000000e+00	-7.4999999999930633e-01	0.0000000000000000e+00
34	-1.0000000000000000e+00	-8.7499999999965317e-01	0.0000000000000000e+00
35	-8.7500000000034661e-01	-1.0000000000000000e+00	0.0000000000000000e+00
36	-7.5000000000069333e-01	-1.0000000000000000e+00	0.0000000000000000e+00
37	-6.2500000000104017e-01	-1.0000000000000000e+00	0.0000000000000000e+00
38	-5.0000000000138711e-01	-1.0000000000000000e+00	0.0000000000000000e+00
39	-3.7500000000173389e-01	-1.0000000000000000e+00	0.0000000000000000e+00
40	-2.5000000000208078e-01	-1.0000000000000000e+00	0.0000000000000000e+00
41	-1.2500000000242770e-01	-1.0000000000000000e+00	0.0000000000000000e+00
42	-2.7527979895580760e-12	-1.0000000000000000e+00	0.0000000000000000e+00
43	1.2499999999757240e-01	-1.0000000000000000e+00	0.0000000000000000e+00
44	2.4999999999791919e-01	-1.0000000000000000e+00	0.0000000000000000e+00
45	3.7499999999826611e-01	-1.0000000000000000e+00	0.0000000000000000e+00
46	4.9999999999861289e-01	-1.0000000000000000e+00	0.0000000000000000e+00
47	6.2499999999895972e-01	-1.0000000000000000e+00	0.0000000000000000e+00
48	7.4999999999930633e-01	-1.0000000000000000e+00	0.0000000000000000e+00
49	8.7499999999965317e-01	-1.0000000000000000e+00	0.0000000000000000e+00
50	1.0000000000000000e+00	-8.7500000000034661e-01	0.0000000000000000e+00
51	1.0000000000000000e+00	-7.5000000000069333e-01	0.0000000000000000e+00
52	1.0000000000000000e+00	-6.2500000000104017e-01	0.0000000000000000e+00
53	1.0000000000000000e+00	-5.0000000000138711e-01	0.0000000000000000e+00
54	1.0000000000000000e+00	-3.7500000000173389e-01	0.0000000000000000e+00
55	1.0000000000000000e+00	-2.5000000000208078e-01	0.0000000000000000e+00
56	1.0000000000000000e+00	-1.2500000000242770e-01	0.0000000000000000e+00
57	1.0000000000000000e+00	-2.7527979895580760e-12	0.0000000000000000e+00
58	1.0000000000000000e+00	1.2499999999757240e-01	0.0000000000000000e+00
59	1.0000000000000000e+00	2.4999999999791919e-01	0.0000000000000000e+00
60	1.0000000000000000e+00	3.7499999999826611e-01	0.0000000000000000e+00
61	1.0000000000000000e+00	4.9999999999861289e-01	0.0000000000000000e+00
62	1.0000000000000000e+00	6.2499999999895972e-01	0.0000000000000000e+00
63	1.0000000000000000e+00	7.4999999999930633e-01	0.0000000000000000e+00
64	1.0000000000000000e+00	8.7499999999965317e-01	0.0000000000000000e+00
65	-6.2499999997227967e-02	8.9174682452699483e-01	0.0000000000000000e+00
66	-8.8080885479156701e-01	-7.2546784059554115e-02	0.0000000000000000e+00
67	8.0121477628103080e-02	-8.8065507302036083e-01	0.0000000000000000e+00
68	8.9174682452698151e-01	6.2499999997283007e-02	0.0000000000000000e+00
69	3.3060706899368347e-01	8.8351807874482113e-01	0.0000000000000000e+00
70	-8.8236125183446679e-01	3.2988786711425561e-01	0.0000000000000000e+00
71	-2.9464285714039318e-01	-8.8052868528062778e-01	0.0000000000000000e+00
72	8.9174682452725418e-01	-3.1250000000191669e-01	0.0000000000000000e+00
73	-4.3749999999792571e-01	8.9174682452666354e-01	0.0000000000000000e+00
74	-8.8503804135208752e-01	-4.4139891054068853e-01	0.0000000000000000e+00
75	4.2020028928211250e-01	-8.8437228211845575e-01	0.0000000000000000e+00
76	8.9174682452652709e-01	4.3749999999822009e-01	0.0000000000000000e+00
77	5.6365024987788059e-01	8.8893212241026487e-01	0.0000000000000000e+00
78	-8.8891845088532984e-01	5.6387366268643468e-01	0.0000000000000000e+00
79	-5.8333333333116655e-01	-9.0935175405494584e-01	0.0000000000000000e+00
80	8.8397119630431953e-01	-5.7342491730717626e-01	0.0000000000000000e+00
81	-6.8647837279655199e-01	8.9233666126603395e-01	0.0000000000000000e+00
82	-8.7741663788833812e-01	-7.0046433866296143e-01	0.0000000000000000e+00
83	6.8647837279745583e-01	-8.9233666126655375e-01	0.0000000000000000e+00
84	8.9233666126651556e-01	6.8647837279747270e-01	0.0000000000000000e+00
85	8.0102179761808823e-01	8.8678784406970590e-01	0.0000000000000000e+00
86	-8.8678784406868028e-01	8.0102179761780601e-01	0.0000000000000000e+00
87	-8.0135440634157817e-01	-8.9855420773626238e-01	0.0000000000000000e+00
88	8.8678784406965527e-01	-8.0102179761806802e-01	0.0000000000000000e+00
89	6.2500000002597270e-02	8.9174682452718379e-01	0.0000000000000000e+00
90	2.8929590204877318e-12	7.8349364905425656e-01	0.0000000000000000e+00
91	-1.2499999999684840e-01	7.8349364905390773e-01	0.0000000000000000e+00
92	-6.2499999996676492e-02	6.7524047358128603e-01	0.0000000000000000e+00
93	-1.8749999999638539e-01	6.7524047358090411e-01	0.0000000000000000e+00
94	-1.2499999999619020e-01	5.6698729810830362e-01	0.0000000000000000e+00
95	3.5105853409452448e-12	5.6698729810869464e-01	0.0000000000000000e+00
96	-6.2499999995990548e-02	4.5873412263569913e-01	0.0000000000000000e+00
97	6.2500000003728018e-02	4.5873412263609709e-01	0.0000000000000000e+00
98	4.2091214772869510e-12	3.5048094716308298e-01	0.0000000000000000e+00
99	-1.2499999999550510e-01	3.5048094716269529e-01	0.0000000000000000e+00
100	-6.2499999995310279e-02	2.4222777169007709e-01	0.0000000000000000e+00
101	6.2500000004403963e-02	2.4222777169046489e-01	0.0000000000000000e+00
102	4.8850345065372851e-12	1.3397459621746399e-01	0.0000000000000000e+00
103	1.2500000000459810e-01	1.3397459621784921e-01	0.0000000000000000e+00
104	6.2500000005075135e-02	2.5721420744855790e-02	0.0000000000000000e+00
105	-6.2499999994631197e-02	2.5721420744466861e-02	0.0000000000000000e+00
106	5.5586542313523779e-12	-8.2531754728140186e-02	0.0000000000000000e+00
107	-1.2499999999414950e-01	-8.2531754728526627e-02	0.0000000000000000e+00
108	1.2500000000526071e-01	-8.2531754727749568e-02	0.0000000000000000e+00
109	-6.2499999993961032e-02	-1.9078493020115531e-01	0.0000000000000000e+00
110	-1.8749999999373071e-01	-1.9078493020153109e-01	0.0000000000000000e+00
111	-2.4999999999391079e-01	-8.2531754728885992e-02	0.0000000000000000e+00
112	-1.2499999999349200e-01	-2.9903810567419709e-01	0.0000000000000000e+00
113	-2.4999999999330061e-01	-2.9903810567457417e-01	0.0000000000000000e+00
114	1.8750000000412970e-01	2.4222777169085549e-01	0.0000000000000000e+00
115	6.2217360892920697e-12	-2.9903810567376948e-01	0.0000000000000000e+00
116	-2.4999999999591560e-01	5.6698729810790549e-01	0.0000000000000000e+00
117	2.5000000000434691e-01	1.3397459621822561e-01	0.0000000000000000e+00
118	3.1250000000388117e-01	2.4222777169126519e-01	0.0000000000000000e+00
119	3.7500000000412009e-01	1.3397459621860891e-01	0.0000000000000000e+00
120	-1.8749999999305550e-01	-4.0729128114726493e-01	0.0000000000000000e+00
121	-3.1249999999284711e-01	-4.0729128114765362e-01	0.0000000000000000e+00
122	-3.7499999999308908e-01	-2.9903810567494321e-01	0.0000000000000000e+00
123	4.3750000000366962e-01	2.4222777169166970e-01	0.0000000000000000e+00
124	3.7500000000344641e-01	3.5048094716438050e-01	0.0000000000000000e+00
125	-4.3749999999265848e-01	-4.0729128114806379e-01	0.0000000000000000e+00
126	-4.9999999999292538e-01	-2.9903810567532269e-01	0.0000000000000000e+00
127	5.0000000000325162e-01	3.5048094716476408e-01	0.0000000000000000e+00
128	4.3750000000302702e-01	4.5873412263752089e-01	0.0000000000000000e+00
129	5.0000000000388334e-01	1.3397459621898661e-01	0.0000000000000000e+00
130	4.3750000000433981e-01	2.5721420745965212e-02	0.0000000000000000e+00
131	-1.8749999999502681e-01	2.4222777168968770e-01	0.0000000000000000e+00
132	1.2500000000322339e-01	5.6698729810913784e-01	0.0000000000000000e+00
133	-2.4999999999260300e-01	-5.1554445662033432e-01	0.0000000000000000e+00
134	-1.2499999999284769e-01	-5.1554445661993431e-01	0.0000000000000000e+00
135	5.6046877390783045e-01	2.6894149679781341e-02	0.0000000000000000e+00
136	4.9966146232182052e-01	-8.2336299904425231e-02	0.0000000000000000e+00
137	5.6089767473275554e-01	4.5780901971184740e-01	0.0000000000000000e+00
138	6.1584286611617056e-01	-7.7244881013621092e-02	0.0000000000000000e+00
139	5.5996911040732877e-01	-1.8932372041072729e-01	0.0000000000000000e+00
140	4.3702176212494409e-01	-1.9050881943120529e-01	0.0000000000000000e+00
141	4.9376470998823502e-01	-2.9543815930296391e-01	0.0000000000000000e+00
142	3.7388107868920539e-01	-2.9839209614974399e-01	0.0000000000000000e+00
143	4.3054052934605791e-01	-4.0327322888683598e-01	0.0000000000000000e+00
144	3.1115360134313569e-01	-4.0651393751555481e-01	0.0000000000000000e+00
145	3.7504121998055312e-01	-5.1556825498199343e-01	0.0000000000000000e+00
146	5.1013295726468710e-01	-5.1691324464068567e-01	0.0000000000000000e+00
147	2.4978247022482319e-01	-5.1541886574112394e-01	0.0000000000000000e+00
148	-5.6249999999252909e-01	-4.0729128114846969e-01	0.0000000000000000e+00
149	-4.9999999999224842e-01	-5.1554445662123305e-01	0.0000000000000000e+00
150	-6.2499999999279110e-01	-2.9903810567571099e-01	0.0000000000000000e+00
151	-5.6249999999309064e-01	-1.9078493020262599e-01	0.0000000000000000e+00
152	4.9973294579094513e-01	5.6227246664856223e-01	0.0000000000000000e+00
153	6.1431027384789483e-01	3.4264369734460148e-01	0.0000000000000000e+00
154	-6.2499999999215994e-01	-5.1554445662163384e-01	0.0000000000000000e+00
155	-1.8749999999238351e-01	-6.2379763209297301e-01	0.0000000000000000e+00
156	-6.2499999992710678e-02	-6.1622304384443072e-01	0.0000000000000000e+00
157	3.1389614656684472e-01	-6.2460369768424662e-01	0.0000000000000000e+00
158	6.1546058223926692e-01	5.6185692986295810e-01	0.0000000000000000e+00
159	6.1010730149276093e-01	-3.1485276128834649e-01	0.0000000000000000e+00
160	-1.0737852236730150e-01	-7.3697531516809067e-01	0.0000000000000000e+00
161	-5.6249999999184153e-01	-6.2379763209440964e-01	0.0000000000000000e+00
162	-3.1249999999614197e-01	6.7524047358054018e-01	0.0000000000000000e+00
163	-3.7499999999566458e-01	5.6698729810752324e-01	0.0000000000000000e+00
164	3.7495549096751601e-01	5.6620149286657395e-01	0.0000000000000000e+00
165	-4.3749999999196743e-01	-6.1622304384564952e-01	0.0000000000000000e+00
166	-2.4999999999522279e-01	3.5048094716230610e-01	0.0000000000000000e+00
167	-3.1249999999475198e-01	2.4222777168929871e-01	0.0000000000000000e+00
168	6.2586574522756988e-01	1.3249210804908401e-01	0.0000000000000000e+00
169	-3.7499999999496159e-01	3.5048094716191203e-01	0.0000000000000000e+00
170	-4.3749999999448258e-01	2.4222777168891041e-01	0.0000000000000000e+00
171	-4.9999999999468991e-01	3.5048094716152411e-01	0.0000000000000000e+00
172	-5.6249999999420830e-01	2.4222777168852130e-01	0.0000000000000000e+00
173	-4.9999999999400768e-01	1.3397459621590371e-01	0.0000000000000000e+00
174	-6.2499999999373390e-01	1.3397459621551519e-01	0.0000000000000000e+00
175	-6.2499999999439670e-01	3.5048094716114120e-01	0.0000000000000000e+00
176	-5.6249999999488876e-01	4.5873412263413083e-01	0.0000000000000000e+00
177	-4.3749999999627592e-01	6.7524047358020511e-01	0.0000000000000000e+00
178	2.4989304283584671e-01	-2.9897635392234789e-01	0.0000000000000000e+00
179	6.8152497534335047e-12	-5.1428202524480204e-01	0.0000000000000000e+00
180	1.8769643613644030e-01	-6.2391104454448798e-01	0.0000000000000000e+00
181	2.5000000000676997e-01	-7.3205080756494822e-01	0.0000000000000000e+00
182	1.2500000000253819e-01	7.8349364905454788e-01	0.0000000000000000e+00
183	4.4727503111668371e-01	6.8464963255430578e-01	0.0000000000000000e+00
184	-6.8749999999295608e-01	-1.9078493020299031e-01	0.0000000000000000e+00
185	-6.8833624242262836e-01	4.5873412263374991e-01	0.0000000000000000e+00
186	-6.2513937373308581e-01	5.6698729810669024e-01	0.0000000000000000e+00
187	-2.4999999999454861e-01	1.3397459621669019e-01	0.0000000000000000e+00
188	1.8750000000346759e-01	4.5873412263650132e-01	0.0000000000000000e+00
189	-5.6249999999353961e-01	2.5721420742911980e-02	0.0000000000000000e+00
190	-6.8454621128484505e-01	2.4016050036669449e-02	0.0000000000000000e+00
191	-7.6776503339160951e-01	1.3081537349284589e-01	0.0000000000000000e+00
192	-4.3749999999380218e-01	2.5721420743320969e-02	0.0000000000000000e+00
193	3.1123922132176490e-01	6.7501346836966614e-01	0.0000000000000000e+00
194	-6.8528040755254072e-01	-6.2399802674543436e-01	0.0000000000000000e+00
195	-7.4683023726079667e-01	-2.9720804230956660e-01	0.0000000000000000e+00
196	-2.6278876849530158e-01	-7.3817350562977735e-01	0.0000000000000000e+00
197	1.0968827340000820e-01	-7.3750426171345573e-01	0.0000000000000000e+00
198	3.7442527500095202e-01	-7.5005312385292655e-01	0.0000000000000000e+00
199	-4.8214285713588489e-01	-7.3104386536415156e-01	0.0000000000000000e+00
200	-7.6674702033907050e-01	-5.1029193942919315e-01	0.0000000000000000e+00
201	-8.0946283055277624e-01	-1.8826826949609890e-01	0.0000000000000000e+00
202	-7.4999999999410516e-01	3.5048094716075029e-01	0.0000000000000000e+00
203	-7.5331858693231768e-01	5.6646835886979141e-01	0.0000000000000000e+00
204	-6.8807632677476804e-01	6.7515398370642821e-01	0.0000000000000000e+00
205	-8.1389451433649052e-01	6.7958524198887671e-01	0.0000000000000000e+00
206	-1.8329196092447400e-01	-8.3454004259198022e-01	0.0000000000000000e+00
207	1.8874235520166369e-01	-8.2593097796305770e-01	0.0000000000000000e+00
208	3.6563144102104120e-03	-7.8527567517576136e-01	0.0000000000000000e+00
209	-3.7041489655296939e-01	-7.8402101361451582e-01	0.0000000000000000e+00
210	-8.7877863200748896e-01	-3.0509801761291122e-01	0.0000000000000000e+00
211	-7.4198955894413832e-02	-8.8140405213386885e-01	0.0000000000000000e+00
212	-8.1466700013142557e-01	4.5332224437935231e-01	0.0000000000000000e+00
213	-4.5257627773639431e-01	-8.7208769527140018e-01	0.0000000000000000e+00
214	-3.7499999999708727e-01	7.8349364905348229e-01	0.0000000000000000e+00
215	-8.8991551896640608e-01	6.3840212613529013e-02	0.0000000000000000e+00
216	8.9174682452718079e-01	-6.2500000002588929e-02	0.0000000000000000e+00
217	7.9018292893905528e-01	-4.9570342777364891e-03	0.0000000000000000e+00
218	7.9238075734739444e-01	-1.2582617238164381e-01	0.0000000000000000e+00
219	7.6168114580996704e-01	1.2777017206705851e-01	0.0000000000000000e+00
220	-1.8749999999715070e-01	8.9174682452661358e-01	0.0000000000000000e+00
221	8.8811140731941030e-01	1.8796169534229459e-01	0.0000000000000000e+00
222	7.8493515777910283e-01	2.5923213463694950e-01	0.0000000000000000e+00
223	8.9138117311303655e-01	3.1411563832864309e-01	0.0000000000000000e+00
224	7.9010022797498336e-01	3.8034898035028891e-01	0.0000000000000000e+00
225	7.9191332090177280e-01	5.0350541423781736e-01	0.0000000000000000e+00
226	8.9324840929135885e-01	5.6291396450501652e-01	0.0000000000000000e+00
227	7.9212314417344143e-01	6.2548295858956937e-01	0.0000000000000000e+00
228	7.8854139919742661e-01	7.5085323537413695e-01	0.0000000000000000e+00
229	6.7390846403535132e-01	6.7300995879445535e-01	0.0000000000000000e+00
230	6.7883170778926916e-01	8.1141059976314611e-01	0.0000000000000000e+00
231	5.6378502165478772e-01	7.5388784070911907e-01	0.0000000000000000e+00
232	4.5419130701734922e-01	8.1734104575777988e-01	0.0000000000000000e+00
233	-5.6232972879795384e-01	8.9184513064964399e-01	0.0000000000000000e+00
234	-4.9997162146363788e-01	7.8351003340684411e-01	0.0000000000000000e+00
235	-8.9040469611169959e-01	-5.6414936762731382e-01	0.0000000000000000e+00
236	5.5944644367911034e-01	-8.9061604024865082e-01	0.0000000000000000e+00
237	6.2432080274534940e-01	-7.8340349113044649e-01	0.0000000000000000e+00
238	7.5065954273334123e-01	-7.8708812369024284e-01	0.0000000000000000e+00
239	6.8749672424570929e-01	-6.7944896794205412e-01	0.0000000000000000e+00
240	5.6249999999890221e-01	-6.7524047358034733e-01	0.0000000000000000e+00
241	6.3915195849298501e-01	-5.6458319709864047e-01	0.0000000000000000e+00
242	6.0825815125355698e-01	-4.4222612586792082e-01	0.0000000000000000e+00
243	7.1771433832157860e-01	-4.8168958600811529e-01	0.0000000000000000e+00
244	8.1253019745273569e-01	-6.8620295902036210e-01	0.0000000000000000e+00
245	4.4605318917568071e-01	-6.2873581816069024e-01	0.0000000000000000e+00
246	3.1250000000459272e-01	2.5721420745569490e-02	0.0000000000000000e+00
247	-4.3749999999326988e-01	-1.9078493020225559e-01	0.0000000000000000e+00
248	-6.2165387744228962e-01	-7.2514381056641364e-01	0.0000000000000000e+00
249	-7.4612245310143299e-01	-7.1953991421692565e-01	0.0000000000000000e+00
250	-6.8705769597563637e-01	-8.3059397683098390e-01	0.0000000000000000e+00
251	4.9999999999861278e-01	-7.8349364905346242e-01	0.0000000000000000e+00
252	2.8889465324788938e-01	-8.4350694260481041e-01	0.0000000000000000e+00
253	1.8722151907041931e-01	-4.0713050010296370e-01	0.0000000000000000e+00
254	-3.1463146140938858e-01	-6.1598106214774007e-01	0.0000000000000000e+00
255	-6.8749999999393041e-01	2.4222777168812221e-01	0.0000000000000000e+00
256	3.1221598061087108e-01	-1.9062095152634151e-01	0.0000000000000000e+00
257	-7.4999999999325762e-01	-8.2531754730295323e-02	0.0000000000000000e+00
258	-3.1249999999347750e-01	-1.9078493020189891e-01	0.0000000000000000e+00
259	1.8750000000479899e-01	2.5721420745234220e-02	0.0000000000000000e+00
260	-6.2499999993341777e-02	-4.0708087591771602e-01	0.0000000000000000e+00
261	-1.8749999999570691e-01	4.5873412263530328e-01	0.0000000000000000e+00
262	-1.2499999999482780e-01	1.3397459621707741e-01	0.0000000000000000e+00
263	2.4978245205027910e-01	5.6681849636685033e-01	0.0000000000000000e+00
264	-3.7525374539921408e-01	-5.1371217588339557e-01	0.0000000000000000e+00
265	-8.9174682452724563e-01	1.8750000000225431e-01	0.0000000000000000e+00
266	8.9608289035445621e-01	-4.3932081955255581e-01	0.0000000000000000e+00
267	7.8349364905447305e-01	-3.7500000000173389e-01	0.0000000000000000e+00
268	2.4995266343929839e-01	-8.2504424948445731e-02	0.0000000000000000e+00
269	6.2500000005737591e-02	-1.9078493020074169e-01	0.0000000000000000e+00
270	-3.7499999999427802e-01	1.3397459621630159e-01	0.0000000000000000e+00
271	5.6146290712703451e-01	2.4147074452783279e-01	0.0000000000000000e+00
272	1.2500000000392880e-01	3.5048094716347000e-01	0.0000000000000000e+00
273	-1.8749999999434661e-01	2.5721420744084181e-02	0.0000000000000000e+00
274	1.8742694781715230e-01	-1.9074275349981831e-01	0.0000000000000000e+00
275	3.7486331768064718e-01	-8.2452841150448514e-02	0.0000000000000000e+00
276	-3.1249999999544720e-01	4.5873412263491081e-01	0.0000000000000000e+00
277	3.1245632383856509e-01	4.5857502147261631e-01	0.0000000000000000e+00
278	8.9322800924272550e-01	-1.8763769539879910e-01	0.0000000000000000e+00
279	1.9051784483422921e-01	8.9037536689690966e-01	0.0000000000000000e+00
280	-6.8749999999242239e-01	-4.0729128114885471e-01	0.0000000000000000e+00
281	-4.3749999999517031e-01	4.5873412263451718e-01	0.0000000000000000e+00
282	-5.0002322895176821e-01	5.6698729810706572e-01	0.0000000000000000e+00
283	-3.1249999999407502e-01	2.5721420743717950e-02	0.0000000000000000e+00
284	2.4999272064290309e-01	3.5045443030318141e-01	0.0000000000000000e+00
285	6.2500000002985459e-02	6.7524047358165096e-01	0.0000000000000000e+00
286	7.9289694340770223e-01	-2.4947324980631691e-01	0.0000000000000000e+00
287	-3.7499999999364653e-01	-8.2531754729265300e-02	0.0000000000000000e+00
288	1.2492358495694750e-01	-2.9899398742432831e-01	0.0000000000000000e+00
289	-4.9999999999340272e-01	-8.2531754729643553e-02	0.0000000000000000e+00
290	-6.2450770187518190e-01	-8.2815983180995603e-02	0.0000000000000000e+00
291	-2.4999999999676639e-01	7.8349364905366969e-01	0.0000000000000000e+00
292	1.2495007090861820e-01	-5.1530522481197027e-01	0.0000000000000000e+00
293	6.2432529159280027e-02	-4.0697178652925831e-01	0.0000000000000000e+00
294	5.9972463411088757e-02	-6.1563814637258818e-01	0.0000000000000000e+00
295	1.8725361223047321e-01	6.7517450575612648e-01	0.0000000000000000e+00
296	-3.1249999999736650e-01	8.9174682452669041e-01	0.0000000000000000e+00
297	-7.5110121579388212e-01	7.8781286309945708e-01	0.0000000000000000e+00
298	2.5000000000204792e-01	7.8349364905490559e-01	0.0000000000000000e+00
299	-5.6261842515276594e-01	6.7522878932649588e-01	0.0000000000000000e+00
300	-6.2509594846325989e-01	7.8431457690915041e-01	0.0000000000000000e+00
301	6.8588900687146026e-01	-1.8965663085069939e-01	0.0000000000000000e+00
302	-8.0870829166756308e-01	8.9742273797090633e-01	0.0000000000000000e+00
303	-8.9781572280718280e-01	-8.1787262976602748e-01	0.0000000000000000e+00
304	8.0865571154153193e-01	-8.9733645946990248e-01	0.0000000000000000e+00
305	8.9750946845885093e-01	8.0867877018925372e-01	0.0000000000000000e+00
306	6.8576384937712243e-01	4.4667523508052920e-01	0.0000000000000000e+00
307	6.7739235562728772e-01	2.6318240587552239e-02	0.0000000000000000e+00
308	-7.9821462490278727e-01	2.4952686169464769e-01	0.0000000000000000e+00
309	-7.9762366714998545e-01	-6.2465866236288936e-01	0.0000000000000000e+00
310	6.7341940496998642e-01	2.3409833635950841e-01	0.0000000000000000e+00
311	3.5819343841613088e-01	7.7110770835948061e-01	0.0000000000000000e+00
312	-7.9460712368553710e-01	1.2718619470638969e-02	0.0000000000000000e+00
313	7.5969168117633645e-01	-5.8089160456295574e-01	0.0000000000000000e+00
314	-7.9297878619037332e-01	-3.9225763820824278e-01	0.0000000000000000e+00
315	-9.1792016185810010e-01	6.8389614045897018e-01	0.0000000000000000e+00
316	9.1665784756534208e-01	-6.8712993478946793e-01	0.0000000000000000e+00
317	6.8370075105739436e-01	9.1742611324862333e-01	0.0000000000000000e+00
318	-9.1560734179022818e-01	-1.8774876611839639e-01	0.0000000000000000e+00
319	-9.1822637808518759e-01	4.3750000000156047e-01	0.0000000000000000e+00
320	4.3750000000156047e-01	9.1842967058611980e-01	0.0000000000000000e+00
321	5.6124102498449768e-01	6.4749841323560475e-01	0.0000000000000000e+00
322	9.0849364905426200e-01	9.0849364905407637e-01	0.0000000000000000e+00
323	-9.0849364905407637e-01	9.0849364905426200e-01	0.0000000000000000e+00
324	-9.0849364905426200e-01	-9.0849364905407637e-01	0.0000000000000000e+00
325	9.0849364905407637e-01	-9.0849364905426200e-01	0.0000000000000000e+00
326	8.1491818962968043e-01	-4.9741393833049979e-01	0.0000000000000000e+00
327	6.8775543286263230e-01	-3.8948124140177087e-01	0.0000000000000000e+00
328	5.2985691772967403e-01	-3.9250876670832308e-01	0.0000000000000000e+00
329	7.1530398304541210e-01	-6.2500000002789782e-02	0.0000000000000000e+00
330	-1.8644222183414391e-01	-9.2570485950150472e-01	0.0000000000000000e+00
331	1.9772606173964760e-01	-9.2320297708045551e-01	0.0000000000000000e+00
332	-5.6395551444686254e-01	-8.0679899339781491e-01	0.0000000000000000e+00
333	-6.8798133255218819e-01	-9.3116342535615859e-01	0.0000000000000000e+00
334	7.1041732509483502e-01	3.2547947788241388e-01	0.0000000000000000e+00
335	7.1650635094728932e-01	5.6249999999873790e-01	0.0000000000000000e+00
336	7.1472208628345379e-01	-3.0837563105145133e-01	0.0000000000000000e+00
337	-8.0472572377583584e-01	-8.0000625443037965e-01	0.0000000000000000e+00
338	3.1249999999809258e-01	-9.3625220514870655e-01	0.0000000000000000e+00
339	3.5087029557448370e-04	-6.9258287520826167e-01	0.0000000000000000e+00
340	-3.7423244730058219e-01	-6.9195288013991085e-01	0.0000000000000000e+00
