50
0
3
7
12
16
20
27
33
37
41
45
51
56
61
68
73
76
80
86
92
99
105
109
113
117
123
129
135
141
145
151
156
159
166
172
178
182
189
193
198
203
209
213
219
223
230
234
239
243
247
250
1
2
3
0
2
4
5
0
1
3
5
6
0
2
6
7
1
5
9
10
1
2
4
6
10
11
12
2
3
5
7
12
13
3
6
8
13
7
13
14
15
4
10
16
17
4
5
9
11
17
18
5
10
12
18
19
5
6
11
13
19
6
7
8
12
14
19
20
8
13
15
20
21
8
14
21
9
17
22
24
9
10
16
18
24
25
10
11
17
19
25
26
11
12
13
18
20
26
27
13
14
19
21
27
28
14
15
20
28
16
23
24
29
22
29
30
31
16
17
22
25
29
32
17
18
24
26
32
33
18
19
25
27
33
34
19
20
26
28
34
35
20
21
27
35
22
23
24
30
32
36
23
29
31
36
37
23
30
37
24
25
29
33
36
38
39
25
26
32
34
38
40
26
27
33
35
40
41
27
28
34
41
29
30
32
37
39
42
43
30
31
36
43
32
33
39
40
44
32
36
38
42
44
33
34
38
41
44
45
34
35
40
45
36
39
43
44
46
47
36
37
42
47
38
39
40
42
45
46
48
40
41
44
48
42
44
47
48
49
42
43
46
49
44
45
46
49
46
47
48
