50
0	0	-4.4220155105504418e-17	-1.5306640645709704e-16	-4.4220155105504418e-17	-7.0710678118654746e-01	0.0000000000000000e+00	7.0710678118654746e-01
1	0	7.1428571428571408e-01	-4.2641172142841948e-16	7.1428571428571408e-01	-7.0710678118654746e-01	0.0000000000000000e+00	7.0710678118654746e-01
2	0	4.6748398920590833e-01	6.6675101158420769e-01	4.6748398920590833e-01	-7.0710678118654746e-01	0.0000000000000000e+00	7.0710678118654746e-01
3	0	6.7259860918997374e-17	9.9999999999999933e-01	6.7259860918997374e-17	-7.0710678118654757e-01	0.0000000000000000e+00	7.0710678118654757e-01
4	0	1.4285714285714286e+00	-3.5919972525140218e-16	1.4285714285714286e+00	-7.0710678118654757e-01	0.0000000000000000e+00	7.0710678118654757e-01
5	0	1.0609213925681478e+00	8.3106386127194953e-01	1.0609213925681478e+00	-7.0710678118654746e-01	0.0000000000000000e+00	7.0710678118654746e-01
6	0	5.1598656758532113e-01	1.4285258732766710e+00	5.1598656758532113e-01	-7.0710678118654757e-01	0.0000000000000000e+00	7.0710678118654757e-01
7	0	1.5272557917466335e-16	1.9999999999999991e+00	1.5272557917466335e-16	-7.0710678118654746e-01	0.0000000000000000e+00	7.0710678118654746e-01
8	0	4.7301801784176775e-17	2.9999999999999991e+00	4.7301801784176775e-17	-7.0710678118654757e-01	0.0000000000000000e+00	7.0710678118654757e-01
9	0	2.1428571428571423e+00	-1.0807858102044763e-16	2.1428571428571423e+00	-7.0710678118654746e-01	0.0000000000000000e+00	7.0710678118654746e-01
10	0	1.7189424842048233e+00	7.6436014921648743e-01	1.7189424842048233e+00	-7.0710678118654757e-01	0.0000000000000000e+00	7.0710678118654757e-01
11	0	1.4547770221223406e+00	1.4196821099517754e+00	1.4547770221223406e+00	-7.0710678118654757e-01	0.0000000000000000e+00	7.0710678118654757e-01
12	0	1.0734684734930819e+00	1.6399721009587918e+00	1.0734684734930819e+00	-7.0710678118654757e-01	0.0000000000000000e+00	7.0710678118654757e-01
13	0	6.7400230440196474e-01	2.4968353402906525e+00	6.7400230440196474e-01	-7.0710678118654746e-01	0.0000000000000000e+00	7.0710678118654746e-01
14	0	5.1148986217182235e-01	3.3688813292393136e+00	5.1148986217182235e-01	-7.0710678118654757e-01	0.0000000000000000e+00	7.0710678118654757e-01
15	0	-4.1388666912978112e-16	3.9999999999999991e+00	-4.1388666912978112e-16	-7.0710678118654757e-01	0.0000000000000000e+00	7.0710678118654757e-01
16	0	2.8571428571428568e+00	1.7030354817003935e-16	2.8571428571428568e+00	-7.0710678118654757e-01	0.0000000000000000e+00	7.0710678118654757e-01
17	0	2.4221716148546024e+00	7.4426546373673819e-01	2.4221716148546024e+00	-7.0710678118654757e-01	0.0000000000000000e+00	7.0710678118654757e-01
18	0	1.9886102697069987e+00	1.5964410109423757e+00	1.9886102697069987e+00	-7.0710678118654746e-01	0.0000000000000000e+00	7.0710678118654746e-01
19	0	1.4566468560794983e+00	2.2488220615109835e+00	1.4566468560794983e+00	-7.0710678118654757e-01	0.0000000000000000e+00	7.0710678118654757e-01
20	0	1.0590892939629635e+00	3.2915761506024115e+00	1.0590892939629635e+00	-7.0710678118654757e-01	0.0000000000000000e+00	7.0710678118654757e-01
21	0	7.1428571428571419e-01	3.9999999999999991e+00	7.1428571428571419e-01	-7.0710678118654746e-01	0.0000000000000000e+00	7.0710678118654746e-01
22	0	3.5714285714285712e+00	3.1929849922565409e-16	3.5714285714285712e+00	-7.0710678118654757e-01	0.0000000000000000e+00	7.0710678118654757e-01
23	0	4.2857142857142865e+00	1.8225810905199341e-16	4.2857142857142865e+00	-7.0710678118654757e-01	0.0000000000000000e+00	7.0710678118654757e-01
24	0	3.1560830055948474e+00	7.5728870626477141e-01	3.1560830055948474e+00	-7.0710678118654757e-01	0.0000000000000000e+00	7.0710678118654757e-01
25	0	2.7051024731567681e+00	1.5039121498397179e+00	2.7051024731567681e+00	-7.0710678118654746e-01	0.0000000000000000e+00	7.0710678118654746e-01
26	0	2.2066754187966047e+00	2.3097606042263741e+00	2.2066754187966047e+00	-7.0710678118654746e-01	0.0000000000000000e+00	7.0710678118654746e-01
27	0	1.7969884256107469e+00	3.1628201114787164e+00	1.7969884256107469e+00	-7.0710678118654757e-01	0.0000000000000000e+00	7.0710678118654757e-01
28	0	1.4285714285714275e+00	3.9999999999999982e+00	1.4285714285714275e+00	-7.0710678118654757e-01	0.0000000000000000e+00	7.0710678118654757e-01
29	0	3.8681822404524828e+00	6.9311953693852435e-01	3.8681822404524828e+00	-7.0710678118654746e-01	0.0000000000000000e+00	7.0710678118654746e-01
30	0	4.4870088510392474e+00	6.3693351128808129e-01	4.4870088510392474e+00	-7.0710678118654757e-01	0.0000000000000000e+00	7.0710678118654757e-01
31	0	5.0000000000000000e+00	-3.9746578544534629e-16	5.0000000000000000e+00	-7.0710678118654746e-01	0.0000000000000000e+00	7.0710678118654746e-01
32	0	3.5014468048925527e+00	1.6062358289220611e+00	3.5014468048925527e+00	-7.0710678118654757e-01	0.0000000000000000e+00	7.0710678118654757e-01
33	0	2.8964435989219854e+00	2.3014220760832655e+00	2.8964435989219854e+00	-7.0710678118654757e-01	0.0000000000000000e+00	7.0710678118654757e-01
34	0	2.5127888588164047e+00	3.1436900628511126e+00	2.5127888588164047e+00	-7.0710678118654757e-01	0.0000000000000000e+00	7.0710678118654757e-01
35	0	2.1428571428571423e+00	3.9999999999999973e+00	2.1428571428571423e+00	-7.0710678118654757e-01	0.0000000000000000e+00	7.0710678118654757e-01
36	0	4.3319607094177215e+00	1.5279225280514521e+00	4.3319607094177215e+00	-7.0710678118654757e-01	0.0000000000000000e+00	7.0710678118654757e-01
37	0	5.0000000000000018e+00	9.9999999999999967e-01	5.0000000000000018e+00	-7.0710678118654757e-01	0.0000000000000000e+00	7.0710678118654757e-01
38	0	3.4902153412433847e+00	2.5396888622724059e+00	3.4902153412433847e+00	-7.0710678118654746e-01	0.0000000000000000e+00	7.0710678118654746e-01
39	0	3.9293495755401167e+00	2.3071400931247563e+00	3.9293495755401167e+00	-7.0710678118654746e-01	0.0000000000000000e+00	7.0710678118654746e-01
40	0	3.2063491936466466e+00	3.2076325778157240e+00	3.2063491936466466e+00	-7.0710678118654746e-01	0.0000000000000000e+00	7.0710678118654746e-01
41	0	2.8571428571428568e+00	3.9999999999999982e+00	2.8571428571428568e+00	-7.0710678118654746e-01	0.0000000000000000e+00	7.0710678118654746e-01
42	0	4.4502666378658180e+00	2.5424573805334729e+00	4.4502666378658180e+00	-7.0710678118654757e-01	0.0000000000000000e+00	7.0710678118654757e-01
43	0	5.0000000000000000e+00	1.9999999999999991e+00	5.0000000000000000e+00	-7.0710678118654757e-01	0.0000000000000000e+00	7.0710678118654757e-01
44	0	3.8989360560156494e+00	3.1316045908836432e+00	3.8989360560156494e+00	-7.0710678118654746e-01	0.0000000000000000e+00	7.0710678118654746e-01
45	0	3.5714285714285716e+00	4.0000000000000000e+00	3.5714285714285716e+00	-7.0710678118654757e-01	0.0000000000000000e+00	7.0710678118654757e-01
46	0	4.5188626813503081e+00	3.2750274760554072e+00	4.5188626813503081e+00	-7.0710678118654757e-01	0.0000000000000000e+00	7.0710678118654757e-01
47	0	5.0000000000000000e+00	2.9999999999999991e+00	5.0000000000000000e+00	-7.0710678118654757e-01	0.0000000000000000e+00	7.0710678118654757e-01
48	0	4.2857142857142847e+00	4.0000000000000000e+00	4.2857142857142847e+00	-7.0710678118654746e-01	0.0000000000000000e+00	7.0710678118654746e-01
49	0	4.9999999999999991e+00	3.9999999999999991e+00	4.9999999999999991e+00	-7.0710678118654746e-01	0.0000000000000000e+00	7.0710678118654746e-01
