120	120	1077
0
1
2
3
4
5
6
7
8
9
10
11
12
13
14
15
16
17
18
26
34
46
58
70
71
79
87
99
111
123
124
125
126
127
128
129
130
131
132
133
134
135
136
146
156
171
186
201
202
212
222
237
252
267
268
284
300
324
348
372
373
383
393
408
423
438
439
451
463
481
499
517
518
526
534
546
558
570
571
572
573
574
575
576
577
591
605
626
647
668
669
681
693
711
729
747
748
760
772
790
808
826
827
841
855
876
897
918
919
929
939
954
969
984
985
999
1013
1034
1055
1076
1077
0
1
2
3
4
5
6
7
8
9
10
11
12
13
14
15
16
17
18
19
24
25
42
43
54
55
18
19
24
25
42
43
54
55
20
21
22
26
27
28
44
45
46
56
57
58
20
21
22
26
27
28
44
45
46
56
57
58
20
21
22
26
27
28
44
45
46
56
57
58
23
18
19
24
25
54
55
60
61
18
19
24
25
54
55
60
61
20
21
22
26
27
28
56
57
58
62
63
64
20
21
22
26
27
28
56
57
58
62
63
64
20
21
22
26
27
28
56
57
58
62
63
64
29
30
31
32
33
34
35
36
37
38
39
40
41
18
19
42
43
48
49
54
55
84
85
18
19
42
43
48
49
54
55
84
85
20
21
22
44
45
46
50
51
52
56
57
58
86
87
88
20
21
22
44
45
46
50
51
52
56
57
58
86
87
88
20
21
22
44
45
46
50
51
52
56
57
58
86
87
88
47
42
43
48
49
66
67
84
85
90
91
42
43
48
49
66
67
84
85
90
91
44
45
46
50
51
52
68
69
70
86
87
88
92
93
94
44
45
46
50
51
52
68
69
70
86
87
88
92
93
94
44
45
46
50
51
52
68
69
70
86
87
88
92
93
94
53
18
19
24
25
42
43
54
55
60
61
84
85
96
97
102
103
18
19
24
25
42
43
54
55
60
61
84
85
96
97
102
103
20
21
22
26
27
28
44
45
46
56
57
58
62
63
64
86
87
88
98
99
100
104
105
106
20
21
22
26
27
28
44
45
46
56
57
58
62
63
64
86
87
88
98
99
100
104
105
106
20
21
22
26
27
28
44
45
46
56
57
58
62
63
64
86
87
88
98
99
100
104
105
106
59
24
25
54
55
60
61
102
103
108
109
24
25
54
55
60
61
102
103
108
109
26
27
28
56
57
58
62
63
64
104
105
106
110
111
112
26
27
28
56
57
58
62
63
64
104
105
106
110
111
112
26
27
28
56
57
58
62
63
64
104
105
106
110
111
112
65
48
49
66
67
72
73
90
91
114
115
120
121
48
49
66
67
72
73
90
91
114
115
120
121
50
51
52
68
69
70
74
75
76
92
93
94
116
117
118
122
123
124
50
51
52
68
69
70
74
75
76
92
93
94
116
117
118
122
123
124
50
51
52
68
69
70
74
75
76
92
93
94
116
117
118
122
123
124
71
66
67
72
73
120
121
126
127
66
67
72
73
120
121
126
127
68
69
70
74
75
76
122
123
124
128
129
130
68
69
70
74
75
76
122
123
124
128
129
130
68
69
70
74
75
76
122
123
124
128
129
130
77
78
79
80
81
82
83
42
43
48
49
54
55
84
85
90
91
96
97
132
133
42
43
48
49
54
55
84
85
90
91
96
97
132
133
44
45
46
50
51
52
56
57
58
86
87
88
92
93
94
98
99
100
134
135
136
44
45
46
50
51
52
56
57
58
86
87
88
92
93
94
98
99
100
134
135
136
44
45
46
50
51
52
56
57
58
86
87
88
92
93
94
98
99
100
134
135
136
89
48
49
66
67
84
85
90
91
114
115
132
133
48
49
66
67
84
85
90
91
114
115
132
133
50
51
52
68
69
70
86
87
88
92
93
94
116
117
118
134
135
136
50
51
52
68
69
70
86
87
88
92
93
94
116
117
118
134
135
136
50
51
52
68
69
70
86
87
88
92
93
94
116
117
118
134
135
136
95
54
55
84
85
96
97
102
103
132
133
138
139
54
55
84
85
96
97
102
103
132
133
138
139
56
57
58
86
87
88
98
99
100
104
105
106
134
135
136
140
141
142
56
57
58
86
87
88
98
99
100
104
105
106
134
135
136
140
141
142
56
57
58
86
87
88
98
99
100
104
105
106
134
135
136
140
141
142
101
54
55
60
61
96
97
102
103
108
109
138
139
144
145
54
55
60
61
96
97
102
103
108
109
138
139
144
145
56
57
58
62
63
64
98
99
100
104
105
106
110
111
112
140
141
142
146
147
148
56
57
58
62
63
64
98
99
100
104
105
106
110
111
112
140
141
142
146
147
148
56
57
58
62
63
64
98
99
100
104
105
106
110
111
112
140
141
142
146
147
148
107
60
61
102
103
108
109
144
145
150
151
60
61
102
103
108
109
144
145
150
151
62
63
64
104
105
106
110
111
112
146
147
148
152
153
154
62
63
64
104
105
106
110
111
112
146
147
148
152
153
154
62
63
64
104
105
106
110
111
112
146
147
148
152
153
154
113
66
67
90
91
114
115
120
121
132
133
156
157
162
163
66
67
90
91
114
115
120
121
132
133
156
157
162
163
68
69
70
92
93
94
116
117
118
122
123
124
134
135
136
158
159
160
164
165
166
68
69
70
92
93
94
116
117
118
122
123
124
134
135
136
158
159
160
164
165
166
68
69
70
92
93
94
116
117
118
122
123
124
134
135
136
158
159
160
164
165
166
119
1.0000000000000000e+00
1.0000000000000000e+00
1.0000000000000000e+00
1.0000000000000000e+00
1.0000000000000000e+00
1.0000000000000000e+00
1.0000000000000000e+00
1.0000000000000000e+00
1.0000000000000000e+00
1.0000000000000000e+00
1.0000000000000000e+00
1.0000000000000000e+00
1.0000000000000000e+00
1.0000000000000000e+00
1.0000000000000000e+00
1.0000000000000000e+00
1.0000000000000000e+00
1.0000000000000000e+00
5.5410947512578857e+11
-4.4260686187239227e+10
-8.6153056164563553e+10
8.1021448048874466e+10
-2.1864096171687515e+10
-1.4855246915214367e+10
-1.6845197034390167e+11
-2.7903988464524422e+10
-4.4260686187239197e+10
5.4831940245545258e+11
8.1021448048874451e+10
-1.8138691059770267e+11
-1.4855246915214382e+10
-1.8523303996878168e+11
-2.7903988464524422e+10
-2.2755140107506683e+10
2.3817907848977426e+11
-2.7406694162932396e+08
1.9852386970005608e+09
-5.7801844670859985e+10
-1.0695645941577360e+10
1.8828413803639408e+10
-4.4743208425410004e+10
-2.9814443561316633e+08
-1.8272973927551208e+10
-4.1310178183946228e+10
-1.8280226195839046e+10
-3.5334365949283881e+09
-2.7406694162931633e+08
6.2616518961297493e+10
-2.6664492932867670e+09
9.0394451828099384e+09
-5.5076199629866467e+09
3.8066968175311084e+09
3.0939948974260788e+09
-1.2318098213628333e+09
-1.3803646174568117e+08
1.5479172925881172e+10
-7.3291242750786600e+09
-1.1813958107247138e+09
1.9852386970005646e+09
-2.6664492932867651e+09
6.2116882206357635e+10
-1.7286977344309872e+10
3.5828167021364059e+09
-9.5372558008040085e+09
1.5722455275633038e+10
-1.0679100901784463e+09
-9.1503577248848133e+09
3.0146260867638979e+09
-1.1615278805580232e+09
-8.8619672753108823e+08
1.0000000000000000e+00
-8.6153056164563538e+10
8.1021448048874466e+10
2.5428738737879431e+11
-2.6447229778122055e+10
-1.9468252757395752e+10
-6.4509416337383705e+10
-8.4980670183527466e+10
-2.8156687575974426e+09
8.1021448048874466e+10
-1.8138691059770270e+11
-2.6447229778122070e+10
2.8106787378319580e+11
-6.4509416337383675e+10
-1.0718932771428595e+11
2.6788367369080410e+09
-2.1448751538934517e+09
-5.7801844670859993e+10
9.0394451828099403e+09
-1.7286977344309868e+10
1.1566317370783737e+11
-8.2811990465855980e+08
-3.0622926631644627e+10
-2.7364292077215179e+10
-5.7424069523701372e+09
-1.4191018935902187e+10
-1.8823420288948959e+10
-9.3749706862329636e+09
6.4306722943787336e+07
-1.0695645941577362e+10
-5.5076199629866467e+09
3.5828167021364079e+09
-8.2811990465855789e+08
3.2722257506252491e+10
-1.5634029611207066e+09
8.5158917010006046e+09
1.1391270479539371e+09
-2.0946582211093085e+09
9.3689608440859776e+09
-2.6017537417660108e+09
-5.9260498177514696e+08
1.8828413803639412e+10
3.8066968175311069e+09
-9.5372558008040142e+09
-3.0622926631644630e+10
-1.5634029611207085e+09
3.4273052839429649e+10
1.2289653791976624e+10
-3.3589666018795733e+09
-2.7933933514440622e+09
7.4539886884233475e+07
5.8507299752086043e+08
3.8936399702889943e+08
1.0000000000000000e+00
1.0000000000000000e+00
1.0000000000000000e+00
1.0000000000000000e+00
1.0000000000000000e+00
1.0000000000000000e+00
1.0000000000000000e+00
1.0000000000000000e+00
1.0000000000000000e+00
1.0000000000000000e+00
1.0000000000000000e+00
1.0000000000000000e+00
1.0000000000000000e+00
-2.1864096171687534e+10
-1.4855246915214371e+10
5.2122270303871063e+11
1.1018287775949413e+10
1.7314747121141586e+09
-6.9676596312546272e+09
-8.7329968991577133e+10
7.4811028508484131e+10
-1.5372210580026587e+11
-6.8276775399338120e+10
-1.4855246915214386e+10
-1.8523303996878168e+11
1.1018287775949398e+10
5.2132680204028076e+11
-6.9676596312545900e+09
-1.5961482545617786e+11
7.4811028508484100e+10
-4.6138242579627731e+10
-6.8276775399338120e+10
-4.8276112839730789e+10
-4.4743208425409996e+10
3.0939948974260788e+09
1.5722455275633038e+10
2.2524217702323880e+11
-1.6676671153599625e+09
-2.5366518903716636e+08
-3.4110600469396473e+10
5.9573717353264451e+07
-1.6229105190315142e+10
-2.8835724722173893e+10
-1.1584276777070974e+10
1.0715803060171452e+10
-4.3641590446912872e+10
-1.7050745642940582e+10
-9.5342304712384529e+09
-2.9814443561316550e+08
-1.2318098213628337e+09
-1.0679100901784477e+09
-1.6676671153599606e+09
6.4313599574950058e+10
5.7736002232421565e+08
1.1742452463339767e+09
1.2092765553976302e+09
-1.6595546993255067e+08
1.2541717335454723e+10
-2.1168194804049146e+09
2.7145825084411993e+09
1.7322505265862846e+10
-6.0692589558619080e+09
-2.3857217618058119e+09
-1.8272973927551208e+10
-1.3803646174568224e+08
-9.1503577248848152e+09
-2.5366518903716516e+08
5.7736002232421625e+08
6.4204476782579865e+10
1.6127366034051556e+10
-5.9639753132031703e+08
-6.0158871732987614e+09
-7.9759108395271015e+09
3.7280878729270616e+09
-2.4837767423182595e+08
7.6512457996908321e+09
-3.0031148685579686e+09
-1.7911165255896015e+09
1.0000000000000000e+00
1.7314747121141815e+09
-6.9676596312545834e+09
5.5671578222458228e+11
1.4438019427087193e+10
1.0854487920049667e+10
-2.6480349069963840e+10
-9.4192537289442657e+10
7.2037251806364975e+10
-1.8113301367370285e+11
-6.0130295680249939e+10
-6.9676596312546406e+09
-1.5961482545617783e+11
1.4438019427087234e+10
4.9245763384282721e+11
-2.6480349069963814e+10
-1.3004636040679909e+11
7.2037251806364990e+10
-3.4656171876797134e+10
-6.0130295680249954e+10
-5.1085315477692207e+10
-3.4110600469396469e+10
1.1742452463339763e+09
1.6127366034051556e+10
2.2667326890345267e+11
-5.8628190270223427e+08
-2.7118067058492651e+09
-2.5751330475532280e+10
-3.1452013324164224e+09
-1.5615539511628370e+10
-2.7837684079125877e+10
-1.2415804009933941e+10
6.9335372911167660e+09
-5.0170626668511292e+10
-1.8371353021241074e+10
-4.2918251010950727e+09
5.9573717353266358e+07
1.2092765553976316e+09
-5.9639753132031584e+08
-5.8628190270223045e+08
6.7852103035134552e+10
9.1230673815221310e+08
2.1556403493422360e+09
2.6961278785584040e+09
-1.2731308992397962e+09
1.1502928473322361e+10
-2.7232981387479143e+09
3.8113639224895854e+09
1.8668647497930496e+10
-8.3027889628064613e+09
-3.4310141785902958e+09
-1.6229105190315142e+10
-1.6595546993255198e+08
-6.0158871732987595e+09
-2.7118067058492613e+09
9.1230673815221596e+08
6.4376959164815140e+10
1.4721784858235371e+10
-9.2848956600885582e+08
-2.6195417988681598e+09
-8.8947012905813446e+09
3.0479555012882266e+09
-6.6219023359529972e+06
9.2582382597165833e+09
-1.9665394943533957e+09
-3.1357187097770691e+09
1.0000000000000000e+00
-1.6845197034390161e+11
-2.7903988464524422e+10
-1.9468252757395760e+10
-6.4509416337383682e+10
-8.7329968991577133e+10
7.4811028508484100e+10
5.1758961326171106e+11
4.8945334953965378e+08
-4.0928820557490166e+10
6.9289673651440277e+10
1.6994410472942747e+10
1.1123358659818497e+09
-7.8480366061195084e+10
-7.1212593317580475e+10
-1.3992464502309412e+11
1.7923506744042717e+10
-2.7903988464524426e+10
-2.2755140107506680e+10
-6.4509416337383667e+10
-1.0718932771428592e+11
7.4811028508484146e+10
-4.6138242579627739e+10
4.8945334953963089e+08
4.9334945981787183e+11
6.9289673651440247e+10
-1.2973374004051680e+11
1.1123358659818439e+09
-1.3245906343192500e+11
-7.1212593317580460e+10
-6.4516590715232964e+10
1.7923506744042706e+10
9.4426447712233067e+09
-4.1310178183946228e+10
1.5479172925881168e+10
3.0146260867638988e+09
-2.7364292077215183e+10
8.5158917010006046e+09
1.2289653791976625e+10
-2.8835724722173889e+10
1.2541717335454723e+10
-7.9759108395271034e+09
2.1841276270237903e+11
-1.2754711766581364e+09
-4.0772180124704742e+08
-3.6871540869939774e+10
-8.8887726915265732e+09
1.6097482753861643e+10
-2.4946066997310989e+10
-5.9872873500751662e+08
-1.3996663396755404e+10
-3.0894404241820877e+10
-1.0612771872847979e+10
-9.5972356276318130e+09
-2.8190555609972076e+10
-1.5161037486296288e+10
5.7576903255921602e+08
-1.8280226195839043e+10
-7.3291242750786552e+09
-1.1615278805580230e+09
-5.7424069523701382e+09
1.1391270479539373e+09
-3.3589666018795729e+09
-1.1584276777070976e+10
-2.1168194804049125e+09
3.7280878729270597e+09
-1.2754711766581478e+09
6.8904346413032410e+10
1.6441096753802299e+06
9.1509992103032379e+09
-3.8981386811815172e+08
2.4463937748477783e+09
-5.2053824678457260e+08
2.9058854957094989e+09
-4.5785561524384737e+07
1.2347051313992186e+10
-1.9481133674225743e+09
-2.9084682742211356e+09
1.5904868824427454e+10
-3.7094678982150531e+09
1.2986225607328997e+09
-3.5334365949283857e+09
-1.1813958107247143e+09
-8.8619672753108597e+08
-1.4191018935902189e+10
-2.0946582211093049e+09
-2.7933933514440632e+09
1.0715803060171450e+10
2.7145825084412026e+09
-2.4837767423182648e+08
-4.0772180124704266e+08
1.6441096753778458e+06
6.7570553094468674e+10
-1.6367021253299843e+10
2.4816536652909489e+09
-3.6969280857251015e+09
1.5028396928466740e+10
4.1029909847508949e+08
-3.3761086515877023e+09
1.1323531772255724e+10
-2.8730782909620152e+09
-1.3477654362962430e+09
-2.5685331755164461e+09
5.4095294091342187e+08
2.2342368998038273e+09
1.0000000000000000e+00
-8.4980670183527451e+10
2.6788367369080372e+09
-4.0928820557490181e+10
6.9289673651440216e+10
2.5480648085255127e+11
1.9820729327144737e+09
-4.9961326251853333e+10
-7.3445001720623962e+10
-7.8935663859680298e+10
-5.0558160043878746e+08
-2.8156687575974598e+09
-2.1448751538934593e+09
6.9289673651440231e+10
-1.2973374004051678e+11
1.9820729327144890e+09
2.5955291352036426e+11
-7.3445001720623962e+10
-1.2918511750033743e+11
4.9889238940667124e+09
1.5108191743834267e+09
-1.8823420288948959e+10
9.3689608440859776e+09
7.4539886884232998e+07
-3.6871540869939774e+10
9.1509992103032360e+09
-1.6367021253299843e+10
1.1112702964846939e+11
1.7040114128973389e+08
-3.1935794327700577e+10
-3.8704478588436264e+10
-1.0193844254399254e+10
-1.5668461543480145e+10
-1.6727589901144392e+10
-8.4965169412796822e+09
-2.0582686496776438e+08
-9.3749706862329636e+09
-2.6017537417660098e+09
5.8507299752086020e+08
-8.8887726915265751e+09
-3.8981386811815274e+08
2.4816536652909498e+09
1.7040114128973389e+08
3.3897152675740517e+10
9.2450960839204788e+07
9.4218357688835068e+09
-9.9375645076335168e+08
-2.8632935910373402e+09
8.6715064675862961e+09
-2.4058441464631205e+09
-2.9588403261367679e+08
6.4306722943786979e+07
-5.9260498177514672e+08
3.8936399702889991e+08
1.6097482753861641e+10
2.4463937748477774e+09
-3.6969280857251015e+09
-3.1935794327700577e+10
9.2450960839206696e+07
3.4192109235749943e+10
1.6315124408762440e+10
-2.4958613133455167e+09
-4.1316691122796307e+09
-5.4111955786728919e+08
5.4962155943367982e+08
7.5310843385576510e+08
1.0000000000000000e+00
1.0854487920049685e+10
-2.6480349069963810e+10
4.9269138297697681e+11
2.1513372159088860e+09
-2.8170722321945496e+10
2.6894373492160484e+10
-5.5299037813760315e+10
7.0090628602662476e+10
-1.3353689285027893e+11
3.0467957522978630e+09
-5.4408249169226700e+10
-7.7591518074190735e+10
-2.6480349069963837e+10
-1.3004636040679909e+11
2.1513372159088783e+09
5.2335942363268506e+11
2.6894373492160461e+10
-1.7579945427356488e+11
7.0090628602662476e+10
-9.1877506315306625e+10
3.0467957522978849e+09
1.8221799209197021e+10
-7.7591518074190689e+10
-9.1439016666429489e+10
-2.5751330475532280e+10
2.1556403493422346e+09
1.4721784858235371e+10
2.1951714957616150e+11
-3.1729046382996941e+08
2.2909587688515368e+09
-4.4067630745943619e+10
2.0983042655935566e+09
-1.5867128364829956e+10
-3.1797401509366318e+10
-9.4955922576403351e+09
1.1912863284384430e+10
-2.4913754798999180e+10
-1.4759623008250950e+10
1.1827953876734152e+09
-3.1510211754617065e+10
-7.7560117221252956e+09
-1.3768440243742809e+10
-3.1452013324164243e+09
2.6961278785584040e+09
-9.2848956600885439e+08
-3.1729046382997322e+08
6.8816244733587280e+10
1.0053474368264198e+08
-4.0651020937185726e+09
-1.5074026695528877e+09
9.8548240297386146e+08
1.0825074369108730e+10
-6.8510563736748862e+08
2.6154908009554920e+09
1.5438604142918243e+10
-2.8550963334202857e+09
-3.9036814913412070e+08
1.2118026118534126e+10
-9.7397072990964282e+08
-2.3882358775209289e+09
-1.5615539511628372e+10
-1.2731308992397981e+09
-2.6195417988681555e+09
2.2909587688515377e+09
1.0053474368264008e+08
7.0467877613548187e+10
1.8805626632105476e+10
1.4404322500335701e+09
-7.9824610199660053e+09
-1.4105240705827099e+10
2.4880120289414291e+09
-2.1323129325933361e+09
1.9851702156225443e+07
1.2832688229416990e+08
3.1284159503973341e+09
1.1407016076215406e+10
-4.1728041309109802e+09
-2.4376898251362371e+09
1.0000000000000000e+00
-2.8170722321945518e+10
2.6894373492160461e+10
5.5013771163523682e+11
4.5922799205938316e+10
-2.0144236817322192e+11
1.1990696738090801e+10
-8.4991965253496429e+10
-7.6948314000699005e+10
2.6894373492160484e+10
-1.7579945427356488e+11
4.5922799205938332e+10
5.5865960317866040e+11
1.1990696738090778e+10
-3.2908842476116539e+10
-7.6948314000699036e+10
-2.1198470724407367e+11
-4.4067630745943619e+10
-4.0651020937185721e+09
1.8805626632105476e+10
2.3955497542275562e+11
4.1450428248480835e+09
-3.6665200664130783e+08
-5.0631434399548416e+10
-1.9111986981040039e+10
2.8098805035117912e+08
-6.4161626774166389e+10
-1.0376931887182343e+10
-1.8431213816292549e+10
2.0983042655935559e+09
-1.5074026695528879e+09
1.4404322500335705e+09
4.1450428248480835e+09
6.2508134807627571e+10
2.7334758293353739e+09
1.6008966047199474e+10
-1.0818807510384666e+10
8.5040113023631334e+08
5.4096858102781935e+09
-6.4588949430609455e+09
-4.6194475828159885e+09
-1.5867128364829960e+10
9.8548240297385979e+08
-7.9824610199660063e+09
-3.6665200664130783e+08
2.7334758293353748e+09
6.3103638707990532e+10
-2.7311120025149188e+09
6.5847478013343245e+07
-2.3976248906518512e+09
1.8734886423856056e+10
-3.3682944973489766e+09
-1.2371311730325205e+10
1.0000000000000000e+00
1.0000000000000000e+00
1.0000000000000000e+00
1.0000000000000000e+00
1.0000000000000000e+00
1.0000000000000000e+00
1.0000000000000000e+00
-1.5372210580026590e+11
-6.8276775399338158e+10
-9.4192537289442627e+10
7.2037251806364990e+10
1.6994410472942776e+10
1.1123358659818201e+09
5.3801844306455164e+11
-2.5394584227145515e+10
-3.6142244264378792e+10
5.3864087840480232e+08
-1.9103702563847968e+11
8.4292914834608261e+10
-7.9918940544927460e+10
-6.4309783758876213e+10
-6.8276775399338120e+10
-4.8276112839730804e+10
7.2037251806364944e+10
-3.4656171876797134e+10
1.1123358659818497e+09
-1.3245906343192502e+11
-2.5394584227145550e+10
5.3790898476635071e+11
5.3864087840480900e+08
-2.1888863901570715e+11
8.4292914834608337e+10
-9.3449301025785889e+10
-6.4309783758876244e+10
-1.0179696576404661e+10
-4.3641590446912872e+10
1.7322505265862846e+10
7.6512457996908321e+09
-2.7837684079125874e+10
1.1502928473322363e+10
-8.8947012905813446e+09
-2.4946066997310986e+10
-5.2053824678457165e+08
1.5028396928466740e+10
2.3245345663013324e+11
-1.2820559323366165e+07
1.6484299842128277e+09
-5.5099264906191399e+10
7.1951214091420841e+08
-1.8449386420193420e+10
-6.1463095266970955e+10
-1.8397088654591782e+10
9.3843012088599396e+09
-1.9465754933621140e+10
-1.0614498419399683e+10
-6.3682862104555683e+09
-1.7050745642940582e+10
-6.0692589558619089e+09
-3.0031148685579691e+09
-1.2415804009933941e+10
-2.7232981387479115e+09
3.0479555012882290e+09
-5.9872873500751543e+08
2.9058854957094984e+09
4.1029909847508776e+08
-1.2820559323366165e+07
6.6289020957531303e+10
-1.4754705188754745e+09
7.0434877052887321e+08
-2.8809559231527925e+09
2.2510832152657413e+08
1.9303222069021660e+10
-1.0225793070011940e+10
3.9517215808357601e+09
1.0070528107654877e+10
-1.5564820160519257e+09
-3.1564991146922030e+09
-9.5342304712384529e+09
-2.3857217618058114e+09
-1.7911165255896006e+09
6.9335372911167660e+09
3.8113639224895849e+09
-6.6219023359527588e+06
-1.3996663396755405e+10
-4.5785561524382591e+07
-3.3761086515877004e+09
1.6484299842128274e+09
-1.4754705188754830e+09
6.6533863468547760e+10
2.0753520128901840e+10
-1.8843934260709047e+08
-1.1356178100881784e+10
-1.1757910173059132e+10
3.4693274328711581e+09
-6.1559677500572186e+09
5.9533166368215542e+09
-3.1852741705479741e+09
1.8912478113188038e+09
1.0000000000000000e+00
-1.8113301367370285e+11
-6.0130295680249947e+10
-5.5299037813760330e+10
7.0090628602662491e+10
-3.6142244264378792e+10
5.3864087840479279e+08
5.3575734493665350e+11
3.7877381506496063e+10
-1.0710963266324557e+11
-9.0281070632383636e+10
-1.5607341652156592e+11
4.1904715325070206e+10
-6.0130295680249924e+10
-5.1085315477692177e+10
7.0090628602662445e+10
-9.1877506315306610e+10
5.3864087840481758e+08
-2.1888863901570715e+11
3.7877381506496078e+10
5.6451212686811462e+11
-9.0281070632383621e+10
-1.7344499696073608e+11
4.1904715325070221e+10
-2.9215669098672592e+10
-5.0170626668511276e+10
1.8668647497930489e+10
9.2582382597165833e+09
-3.1797401509366314e+10
1.0825074369108730e+10
-1.4105240705827099e+10
-5.5099264906191406e+10
7.0434877052887273e+08
2.0753520128901840e+10
2.3771254020473389e+11
1.4942104060419502e+09
-2.9553909901395035e+09
-6.0613654548391090e+10
-1.3917742017168163e+10
-1.8589281203038685e+10
-4.0031592572273773e+10
-1.7774539026441891e+10
5.6381545103868408e+09
-1.8371353021241074e+10
-8.3027889628064632e+09
-1.9665394943533988e+09
-9.4955922576403370e+09
-6.8510563736748838e+08
2.4880120289414301e+09
7.1951214091420841e+08
-2.8809559231527929e+09
-1.8843934260709214e+08
1.4942104060419540e+09
6.3309403796990692e+10
2.1013058083241901e+09
1.0639061199384665e+10
-6.6010250452987137e+09
-4.1307552427443929e+09
1.5014161532540588e+10
-6.4362650787370358e+09
1.6964162424392676e+09
-4.2918251010950718e+09
-3.4310141785902929e+09
-3.1357187097770672e+09
1.1912863284384432e+10
2.6154908009554906e+09
-2.1323129325933352e+09
-1.8449386420193417e+10
2.2510832152657461e+08
-1.1356178100881783e+10
-2.9553909901395111e+09
2.1013058083241844e+09
6.5108521043306915e+10
1.8021162267749107e+10
-3.3902823719754305e+09
-9.0165102478269424e+09
-4.2374230407055430e+09
1.8793916197594759e+09
-1.0645379025995812e+09
1.0000000000000000e+00
-7.8480366061195099e+10
-7.1212593317580414e+10
-1.9103702563847968e+11
8.4292914834608276e+10
5.6277087965271753e+11
-4.3519365072778694e+10
-7.2874246692364899e+10
7.2930530151768463e+10
-1.9454820775171612e+10
-2.8557638905264900e+10
-2.0092442048550632e+11
-1.3933847690752682e+10
-7.1212593317580444e+10
-6.4516590715232971e+10
8.4292914834608307e+10
-9.3449301025785889e+10
-4.3519365072778702e+10
5.3925549982469653e+11
7.2930530151768463e+10
-1.8982179507856055e+11
-2.8557638905264915e+10
-1.6083320012416907e+11
-1.3933847690752674e+10
-3.0634612880948166e+10
-3.0894404241820873e+10
1.2347051313992184e+10
1.1323531772255724e+10
-6.1463095266970955e+10
1.9303222069021660e+10
-1.1757910173059130e+10
2.3809211902289813e+11
2.0196123869802399e+09
5.3232001754619026e+08
-5.6755317666557976e+10
-1.0225602844772207e+10
1.8682955024641373e+10
-3.8951115626400742e+10
-3.3166087492526445e+09
-1.8063531240004456e+10
-5.0028186221147552e+10
-2.0127674175969238e+10
-7.1736540137972176e+08
-1.0612771872847980e+10
-1.9481133674225762e+09
-2.8730782909620142e+09
-1.8397088654591782e+10
-1.0225793070011940e+10
3.4693274328711548e+09
2.0196123869802418e+09
6.4256880376515076e+10
-2.5243310095690470e+09
6.4405686989773045e+09
-4.8787063518645020e+09
3.9003962077414265e+09
3.2449612157446733e+09
-4.8002169817049193e+08
-1.1013989377040803e+09
1.7304718225737537e+10
-9.8770870960938511e+09
-8.7091540237744474e+08
-9.5972356276318130e+09
-2.9084682742211342e+09
-1.3477654362962430e+09
9.3843012088599396e+09
3.9517215808357635e+09
-6.1559677500572186e+09
5.3232001754618645e+08
-2.5243310095690451e+09
6.2859520075216286e+10
-1.8233644470725811e+10
2.9269457241232815e+09
-9.8606274803529053e+09
1.5199140378168510e+10
-1.2702899887457032e+09
-6.5250957551495686e+09
2.7151184937829866e+09
-1.7557803242315900e+08
-2.1229048604086304e+09
1.0000000000000000e+00
-1.3992464502309409e+11
1.7923506744042725e+10
-4.9961326251853348e+10
-7.3445001720623993e+10
-7.2874246692364899e+10
7.2930530151768433e+10
5.0028952342778088e+11
-2.3513751218383324e+10
-4.8609567805670792e+10
7.1758589563946487e+10
-2.5422301462074409e+10
-6.8108683394874542e+10
-1.6349743619272333e+11
2.4548098741241713e+09
1.7923506744042717e+10
9.4426447712233315e+09
-7.3445001720623978e+10
-1.2918511750033742e+11
7.2930530151768433e+10
-1.8982179507856055e+11
-2.3513751218383331e+10
5.4911175388100598e+11
7.1758589563946503e+10
-1.3674171873707578e+11
-6.8108683394874496e+10
-1.0243546340639807e+11
2.4548098741241856e+09
-3.7030392985751653e+08
-2.8190555609972084e+10
1.5904868824427460e+10
-2.5685331755164461e+09
-3.8704478588436264e+10
9.4218357688835068e+09
1.6315124408762436e+10
-5.6755317666557976e+10
6.4405686989773045e+09
-1.8233644470725815e+10
2.2672249818399719e+11
9.2516746757608604e+08
1.4114368021859713e+09
-4.0045031043185989e+10
-9.4187709008775501e+09
1.6166173429283737e+10
-2.7623591175287266e+10
-6.0759338899469719e+09
-1.3000903609816772e+10
-3.5403524100557579e+10
-1.7197735969039833e+10
-8.9653384173122093e+07
-1.5161037486296291e+10
-3.7094678982150526e+09
5.4095294091342306e+08
-1.0193844254399252e+10
-9.9375645076335299e+08
-2.4958613133455191e+09
-1.0225602844772207e+10
-4.8787063518645000e+09
2.9269457241232824e+09
9.2516746757608032e+08
6.5218604524303879e+10
-1.4406545259082212e+09
8.8479569281357422e+09
-1.3205644934246044e+09
2.9055403089124675e+09
8.5450319518568439e+09
5.5939083803147089e+08
-2.6814697901107259e+09
1.7262328237899078e+10
-5.6288481578982973e+09
2.4454665541529638e+08
5.7576903255921626e+08
1.2986225607329009e+09
2.2342368998038254e+09
-1.5668461543480145e+10
-2.8632935910373406e+09
-4.1316691122796297e+09
1.8682955024641376e+10
3.9003962077414246e+09
-9.8606274803529053e+09
1.4114368021859779e+09
-1.4406545259082260e+09
6.7925296151884819e+10
-1.6295188625068043e+10
2.7064705708483315e+09
-4.8141549182482109e+09
1.1651606971132837e+10
-3.6842743069508686e+09
-3.1889897280310307e+09
-3.5811766197121483e+08
8.2733084573780835e+07
1.0825601973926826e+09
1.0000000000000000e+00
-7.8935663859680298e+10
4.9889238940667105e+09
-4.8609567805670776e+10
7.1758589563946503e+10
2.5169426662539392e+11
-2.4545446195415421e+09
-4.4334184386564972e+10
-7.1115496117840408e+10
-7.9814850573477829e+10
-3.1774727206312513e+09
-5.0558160043878365e+08
1.5108191743834267e+09
7.1758589563946518e+10
-1.3674171873707579e+11
-2.4545446195415726e+09
2.6297157653317612e+11
-7.1115496117840439e+10
-1.2879265574359108e+11
2.3170327738742561e+09
1.0519787731072845e+09
-1.6727589901144392e+10
8.6715064675862961e+09
-5.4111955786728895e+08
-4.0045031043185997e+10
8.8479569281357441e+09
-1.6295188625068039e+10
1.1119323771944415e+11
-9.8080590655344009e+07
-3.1167189707287220e+10
-3.7403946941700394e+10
-8.7082109190521984e+09
-1.5754257297889954e+10
-1.7016669833413395e+10
-8.7131718860144901e+09
-3.4480891445157886e+08
-8.4965169412796822e+09
-2.4058441464631214e+09
5.4962155943367982e+08
-9.4187709008775520e+09
-1.3205644934246020e+09
2.7064705708483305e+09
-9.8080590655345917e+07
3.3160329717194427e+10
-1.3883251650797939e+08
9.3343607992641220e+09
-8.0010861199550641e+08
-2.6474352865531907e+09
8.6790076335484562e+09
-2.4335366563134065e+09
-4.6982432722084028e+08
-2.0582686496776366e+08
-2.9588403261367577e+08
7.5310843385576463e+08
1.6166173429283737e+10
2.9055403089124680e+09
-4.8141549182482147e+09
-3.1167189707287212e+10
-1.3883251650798321e+08
3.3767715522151371e+10
1.5487302916105524e+10
-2.8921341753357801e+09
-4.2142894555084600e+09
-2.8045977313428092e+08
4.2131041554496360e+08
7.0789622674732780e+08
1.0000000000000000e+00
-1.3353689285027893e+11
3.0467957522978678e+09
-1.0710963266324561e+11
-9.0281070632383621e+10
5.1229629539327136e+11
4.0639983866512466e+10
-2.7174021941377293e+10
6.0515640930148369e+10
-9.3629795041341457e+09
5.6933483165796524e+10
-1.6973548449359409e+11
7.9541074878379230e+09
-6.5377283940641266e+10
-7.8808940570209534e+10
3.0467957522978783e+09
1.8221799209197002e+10
-9.0281070632383606e+10
-1.7344499696073608e+11
4.0639983866512489e+10
5.4521070024270874e+11
6.0515640930148361e+10
-1.3652417616356107e+11
5.6933483165796524e+10
-1.1402973934794313e+11
7.9541074878379269e+09
-4.7622659762763519e+09
-7.8808940570209564e+10
-1.3467132100338913e+11
-2.4913754798999180e+10
1.5438604142918240e+10
1.9851702156223297e+07
-6.0613654548391090e+10
1.0639061199384666e+10
1.8021162267749107e+10
2.2847373362505740e+11
1.1266069315852871e+09
-3.8473932888552475e+08
-3.5366894652301491e+10
6.8645610576631851e+09
-1.6476190127254442e+10
-2.6658920739646320e+10
-4.8481659223382664e+09
1.4685613523006439e+10
-3.7700131274354729e+10
-1.8651020254443443e+10
1.4494425007068908e+08
-4.3220377611364586e+10
-1.0569647154769623e+10
-1.6010642286842487e+10
-1.4759623008250952e+10
-2.8550963334202871e+09
1.2832688229416925e+08
-1.3917742017168163e+10
-6.6010250452987137e+09
-3.3902823719754314e+09
1.1266069315852871e+09
6.7591789794968559e+10
2.3055180240604463e+09
-8.5200215517661629e+09
3.3985596269939321e+08
1.7964477318399014e+09
7.3813844809020576e+09
1.7022346568896060e+09
1.7521794534756007e+09
1.8245803441462719e+10
-5.4755291572958069e+09
5.5752453112997556e+08
1.0443591723235210e+10
-2.4070922424061975e+09
-3.1497142508246536e+09
1.1827953876734116e+09
-3.9036814913412154e+08
3.1284159503973312e+09
-1.8589281203038681e+10
-4.1307552427443919e+09
-9.0165102478269424e+09
-3.8473932888551903e+08
2.3055180240604458e+09
6.9289457217969315e+10
1.6148318808655502e+10
2.4085959824642663e+09
-4.0166634683985338e+09
-1.2957039220173183e+10
2.9196667357378592e+09
-2.7427779038833075e+09
-1.8581770187425160e+09
-8.3666208397822082e+07
7.0948949415954590e+08
1.6458122574510998e+10
-3.0289911419862318e+09
-5.0562734062808304e+09
1.0000000000000000e+00
