120	120	1672
0
14
28
49
70
91
92
100
108
120
132
144
145
161
177
201
225
249
250
264
278
299
320
341
342
356
370
391
412
433
434
444
454
469
484
499
500
514
528
549
570
591
592
606
620
641
662
683
684
694
704
719
734
749
750
764
778
799
820
841
842
856
870
891
912
933
934
948
962
983
1004
1025
1026
1036
1046
1060
1075
1089
1090
1104
1118
1139
1160
1181
1182
1196
1210
1231
1252
1273
1274
1284
1294
1309
1324
1339
1340
1349
1358
1370
1383
1395
1396
1410
1424
1445
1466
1487
1488
1502
1516
1537
1558
1579
1580
1594
1608
1629
1650
1671
1672
66
67
72
73
114
115
120
121
126
127
162
163
168
169
66
67
72
73
114
115
120
121
126
127
162
163
168
169
68
69
70
74
75
76
116
117
118
122
123
124
128
129
130
164
165
166
170
171
172
68
69
70
74
75
76
116
117
118
122
123
124
128
129
130
164
165
166
170
171
172
68
69
70
74
75
76
116
117
118
122
123
124
128
129
130
164
165
166
170
171
172
125
72
73
120
121
126
127
168
169
72
73
120
121
126
127
168
169
74
75
76
122
123
124
128
129
130
170
171
172
74
75
76
122
123
124
128
129
130
170
171
172
74
75
76
122
123
124
128
129
130
170
171
172
131
84
85
90
91
96
97
114
115
132
133
138
139
156
157
174
175
84
85
90
91
96
97
114
115
132
133
138
139
156
157
174
175
86
87
88
92
93
94
98
99
100
116
117
118
134
135
136
140
141
142
158
159
160
176
177
178
86
87
88
92
93
94
98
99
100
116
117
118
134
135
136
140
141
142
158
159
160
176
177
178
86
87
88
92
93
94
98
99
100
116
117
118
134
135
136
140
141
142
158
159
160
176
177
178
137
96
97
102
103
132
133
138
139
144
145
174
175
180
181
96
97
102
103
132
133
138
139
144
145
174
175
180
181
98
99
100
104
105
106
134
135
136
140
141
142
146
147
148
176
177
178
182
183
184
98
99
100
104
105
106
134
135
136
140
141
142
146
147
148
176
177
178
182
183
184
98
99
100
104
105
106
134
135
136
140
141
142
146
147
148
176
177
178
182
183
184
143
102
103
108
109
138
139
144
145
150
151
180
181
186
187
102
103
108
109
138
139
144
145
150
151
180
181
186
187
104
105
106
110
111
112
140
141
142
146
147
148
152
153
154
182
183
184
188
189
190
104
105
106
110
111
112
140
141
142
146
147
148
152
153
154
182
183
184
188
189
190
104
105
106
110
111
112
140
141
142
146
147
148
152
153
154
182
183
184
188
189
190
149
108
109
144
145
150
151
186
187
192
193
108
109
144
145
150
151
186
187
192
193
110
111
112
146
147
148
152
153
154
188
189
190
194
195
196
110
111
112
146
147
148
152
153
154
188
189
190
194
195
196
110
111
112
146
147
148
152
153
154
188
189
190
194
195
196
155
114
115
132
133
156
157
162
163
174
175
198
199
204
205
114
115
132
133
156
157
162
163
174
175
198
199
204
205
116
117
118
134
135
136
158
159
160
164
165
166
176
177
178
200
201
202
206
207
208
116
117
118
134
135
136
158
159
160
164
165
166
176
177
178
200
201
202
206
207
208
116
117
118
134
135
136
158
159
160
164
165
166
176
177
178
200
201
202
206
207
208
161
114
115
120
121
156
157
162
163
168
169
204
205
210
211
114
115
120
121
156
157
162
163
168
169
204
205
210
211
116
117
118
122
123
124
158
159
160
164
165
166
170
171
172
206
207
208
212
213
214
116
117
118
122
123
124
158
159
160
164
165
166
170
171
172
206
207
208
212
213
214
116
117
118
122
123
124
158
159
160
164
165
166
170
171
172
206
207
208
212
213
214
167
120
121
126
127
162
163
168
169
210
211
120
121
126
127
162
163
168
169
210
211
122
123
124
128
129
130
164
165
166
170
171
172
212
213
214
122
123
124
128
129
130
164
165
166
170
171
172
212
213
214
122
123
124
128
129
130
164
165
166
170
171
172
212
213
214
173
132
133
138
139
156
157
174
175
180
181
198
199
222
223
132
133
138
139
156
157
174
175
180
181
198
199
222
223
134
135
136
140
141
142
158
159
160
176
177
178
182
183
184
200
201
202
224
225
226
134
135
136
140
141
142
158
159
160
176
177
178
182
183
184
200
201
202
224
225
226
134
135
136
140
141
142
158
159
160
176
177
178
182
183
184
200
201
202
224
225
226
179
138
139
144
145
174
175
180
181
186
187
222
223
228
229
138
139
144
145
174
175
180
181
186
187
222
223
228
229
140
141
142
146
147
148
176
177
178
182
183
184
188
189
190
224
225
226
230
231
232
140
141
142
146
147
148
176
177
178
182
183
184
188
189
190
224
225
226
230
231
232
140
141
142
146
147
148
176
177
178
182
183
184
188
189
190
224
225
226
230
231
232
185
144
145
150
151
180
181
186
187
192
193
228
229
234
235
144
145
150
151
180
181
186
187
192
193
228
229
234
235
146
147
148
152
153
154
182
183
184
188
189
190
194
195
196
230
231
232
236
237
238
146
147
148
152
153
154
182
183
184
188
189
190
194
195
196
230
231
232
236
237
238
146
147
148
152
153
154
182
183
184
188
189
190
194
195
196
230
231
232
236
237
238
191
150
151
186
187
192
193
216
217
234
235
150
151
186
187
192
193
216
217
234
235
152
153
154
188
189
190
194
195
196
218
219
236
237
238
152
153
154
188
189
190
194
195
196
218
219
220
236
237
238
152
153
154
188
189
190
194
195
196
219
220
236
237
238
197
156
157
174
175
198
199
204
205
222
223
246
247
252
253
156
157
174
175
198
199
204
205
222
223
246
247
252
253
158
159
160
176
177
178
200
201
202
206
207
208
224
225
226
248
249
250
254
255
256
158
159
160
176
177
178
200
201
202
206
207
208
224
225
226
248
249
250
254
255
256
158
159
160
176
177
178
200
201
202
206
207
208
224
225
226
248
249
250
254
255
256
203
156
157
162
163
198
199
204
205
210
211
252
253
258
259
156
157
162
163
198
199
204
205
210
211
252
253
258
259
158
159
160
164
165
166
200
201
202
206
207
208
212
213
214
254
255
256
260
261
262
158
159
160
164
165
166
200
201
202
206
207
208
212
213
214
254
255
256
260
261
262
158
159
160
164
165
166
200
201
202
206
207
208
212
213
214
254
255
256
260
261
262
209
162
163
168
169
204
205
210
211
258
259
162
163
168
169
204
205
210
211
258
259
164
165
166
170
171
172
206
207
208
212
213
214
260
261
262
164
165
166
170
171
172
206
207
208
212
213
214
260
261
262
164
165
166
170
171
172
206
207
208
212
213
214
260
261
262
215
192
193
216
234
235
240
241
264
265
192
193
217
234
235
240
241
264
265
194
195
218
220
236
237
238
242
243
266
267
268
194
195
196
219
236
237
238
242
243
244
266
267
268
195
196
218
220
236
237
238
243
244
266
267
268
221
174
175
180
181
198
199
222
223
228
229
246
247
270
271
174
175
180
181
198
199
222
223
228
229
246
247
270
271
176
177
178
182
183
184
200
201
202
224
225
226
230
231
232
248
249
250
272
273
274
176
177
178
182
183
184
200
201
202
224
225
226
230
231
232
248
249
250
272
273
274
176
177
178
182
183
184
200
201
202
224
225
226
230
231
232
248
249
250
272
273
274
227
180
181
186
187
222
223
228
229
234
235
270
271
276
277
180
181
186
187
222
223
228
229
234
235
270
271
276
277
182
183
184
188
189
190
224
225
226
230
231
232
236
237
238
272
273
274
278
279
280
182
183
184
188
189
190
224
225
226
230
231
232
236
237
238
272
273
274
278
279
280
182
183
184
188
189
190
224
225
226
230
231
232
236
237
238
272
273
274
278
279
280
233
186
187
192
193
216
217
228
229
234
235
264
265
276
277
186
187
192
193
216
217
228
229
234
235
264
265
276
277
188
189
190
194
195
196
218
219
220
230
231
232
236
237
238
266
267
268
278
279
280
188
189
190
194
195
196
218
219
220
230
231
232
236
237
238
266
267
268
278
279
280
188
189
190
194
195
196
218
219
220
230
231
232
236
237
238
266
267
268
278
279
280
239
-5.4408249169226700e+10
-7.7591518074190704e+10
-2.0144236817322192e+11
1.1990696738090782e+10
-2.7174021941377289e+10
6.0515640930148354e+10
5.3450825331003552e+11
6.5348348734869919e+09
-2.8735831990968906e+10
6.8737317351151947e+10
-1.5953183806497552e+11
6.1524197210278187e+09
-6.3215943970265221e+10
-7.6339391539715179e+10
-7.7591518074190704e+10
-9.1439016666429474e+10
1.1990696738090815e+10
-3.2908842476116524e+10
6.0515640930148331e+10
-1.3652417616356110e+11
6.5348348734870148e+09
5.1604262029244580e+11
6.8737317351151932e+10
-1.0965997170567606e+11
6.1524197210278435e+09
1.8334366741709599e+09
-7.6339391539715240e+10
-1.4734404995483359e+11
-3.1510211754617069e+10
1.2118026118534130e+10
1.1407016076215406e+10
-5.0631434399548424e+10
1.6008966047199474e+10
-2.7311120025149183e+09
-3.5366894652301498e+10
-8.5200215517661610e+09
1.6148318808655500e+10
2.2697086775362250e+11
-1.8063713549458179e+09
2.5820920000808926e+09
-2.9900327959151695e+10
9.2696307842958221e+09
-1.1246319649013369e+10
-3.4070642275791100e+10
-1.7007384110068422e+10
6.1590441438658345e+08
-4.5491356712212715e+10
-1.0062845933249027e+10
-1.6775899647810080e+10
-7.7560117221252947e+09
-9.7397072990964282e+08
-4.1728041309109821e+09
-1.9111986981040039e+10
-1.0818807510384668e+10
6.5847478013344288e+07
6.8645610576631880e+09
3.3985596269939333e+08
2.4085959824642658e+09
-1.8063713549458199e+09
6.5941117368489937e+10
4.1484255955026722e+08
-5.3283360455874577e+09
-2.2081149205780506e+07
4.0781796526036530e+09
1.6964853661023090e+10
-5.2610659938690958e+09
2.0264667399897927e+08
1.0173291385012329e+10
-2.6094803873239970e+09
-2.9973082157195292e+09
-1.3768440243742811e+10
-2.3882358775209236e+09
-2.4376898251362324e+09
2.8098805035117841e+08
8.5040113023631263e+08
-2.3976248906518502e+09
-1.6476190127254438e+10
1.7964477318399012e+09
-4.0166634683985376e+09
2.5820920000808907e+09
4.1484255955026627e+08
6.4850465478389671e+10
1.3067963049148109e+10
2.6453648290571713e+09
-4.3295494182019634e+09
-1.4517120807863503e+09
-1.0432962292242235e+08
1.3545637462919822e+09
1.5765299352203423e+10
-3.2144907502403021e+09
-6.4279340617969179e+09
1.0000000000000000e+00
-8.4991965253496429e+10
-7.6948314000699005e+10
-2.8735831990968918e+10
6.8737317351151932e+10
2.4266138103283209e+11
2.6777345096759125e+10
-6.7688718230058624e+10
2.2296555584386425e+09
-7.6948314000699036e+10
-2.1198470724407364e+11
6.8737317351151947e+10
-1.0965997170567606e+11
2.6777345096759163e+10
3.0663921783041077e+11
-3.2648499360668592e+09
9.1012792880603027e+09
-6.4161626774166374e+10
5.4096858102781935e+09
1.8734886423856056e+10
-2.9900327959151695e+10
-5.3283360455874596e+09
1.3067963049148109e+10
1.1867605530995987e+11
-5.8370007477455139e+06
2.8505647666523930e+10
-1.2657780018332966e+10
-7.0753937136502724e+09
1.0816711735970397e+09
-1.0376931887182343e+10
-6.4588949430609455e+09
-3.3682944973489733e+09
9.2696307842958202e+09
-2.2081149205779791e+07
2.6453648290571694e+09
-5.8370007477436066e+06
3.0767340406867420e+10
1.7467093592757788e+09
7.1059679933028173e+09
-2.0368179505788298e+09
1.1201579109275222e+08
-1.8431213816292549e+10
-4.6194475828159904e+09
-1.2371311730325203e+10
-1.1246319649013367e+10
4.0781796526036539e+09
-4.3295494182019615e+09
2.8505647666523926e+10
1.7467093592757778e+09
3.4458873558291557e+10
1.1590895565393212e+09
-1.7330943571661371e+08
1.4550868912977715e+09
1.0000000000000000e+00
-7.9918940544927460e+10
-6.4309783758876244e+10
-1.5607341652156595e+11
4.1904715325070221e+10
-1.9454820775171627e+10
-2.8557638905264919e+10
-9.3629795041341362e+09
5.6933483165796532e+10
5.0627983875690131e+11
-1.0524171427247429e+09
-4.1299621201291718e+10
7.3891576815339294e+10
-4.3801446703760483e+10
-7.2610919676118668e+10
-1.5636861350604987e+11
-6.1990158232214460e+09
-6.4309783758876236e+10
-1.0179696576404667e+10
4.1904715325070229e+10
-2.9215669098672588e+10
-2.8557638905264896e+10
-1.6083320012416904e+11
5.6933483165796516e+10
-1.1402973934794313e+11
-1.0524171427247429e+09
5.0628591628293652e+11
7.3891576815339264e+10
-8.1078238039075653e+10
-7.2610919676118668e+10
-1.1350382661763713e+11
-6.1990158232214594e+09
2.5544535209656868e+09
-1.9465754933621140e+10
1.0070528107654877e+10
5.9533166368215542e+09
-4.0031592572273758e+10
1.5014161532540588e+10
-4.2374230407055440e+09
-3.8951115626400742e+10
3.2449612157446718e+09
1.5199140378168510e+10
-2.6658920739646328e+10
7.3813844809020596e+09
-1.2957039220173187e+10
2.1876420633576740e+11
-1.1968400924884071e+09
-8.8912580879627419e+08
-2.6439660946992935e+10
-7.9325014565537109e+09
1.2121291529647339e+10
-3.3985707199067383e+10
-9.5190674716622849e+09
-1.4882326376131805e+10
-3.3231454317765106e+10
-1.7062626316137808e+10
-3.0783409883058524e+08
-1.0614498419399681e+10
-1.5564820160519264e+09
-3.1852741705479746e+09
-1.7774539026441887e+10
-6.4362650787370348e+09
1.8793916197594750e+09
-3.3166087492526455e+09
-4.8002169817049336e+08
-1.2702899887457044e+09
-4.8481659223382683e+09
1.7022346568896062e+09
2.9196667357378597e+09
-1.1968400924884052e+09
6.8258712126805832e+10
-6.5388329549831390e+07
1.0173657548813614e+10
2.5967543114367881e+08
2.7304170894683509e+09
9.6569008405141487e+09
-1.2876920735353082e+08
-2.6234454558195505e+09
1.7920093820593132e+10
-4.3119924179685574e+09
-3.8507750030262709e+08
-6.3682862104555674e+09
-3.1564991146922035e+09
1.8912478113188050e+09
5.6381545103868389e+09
1.6964162424392688e+09
-1.0645379025995804e+09
-1.8063531240004452e+10
-1.1013989377040787e+09
-6.5250957551495695e+09
1.4685613523006439e+10
1.7521794534755974e+09
-2.7427779038833070e+09
-8.8912580879627132e+08
-6.5388329549832344e+07
6.8283816801192825e+10
-1.1403947606280226e+10
3.5757548915427027e+09
-1.4319236129643159e+09
1.5476958844396646e+10
-2.5445816559292922e+09
-2.6496850183371043e+09
9.2416398774659705e+08
-1.5648254958216584e+08
1.5460473769798088e+09
1.0000000000000000e+00
-2.0092442048550629e+11
-1.3933847690752661e+10
-2.5422301462074394e+10
-6.8108683394874535e+10
-4.1299621201291710e+10
7.3891576815339264e+10
5.3412924665368329e+11
9.6173425820429840e+09
-5.1301554796903275e+10
7.2715084230443665e+10
-5.0442130081395187e+10
-6.8948828355539551e+10
-1.6473921862651248e+11
-5.2326441866591463e+09
-1.3933847690752676e+10
-3.0634612880948189e+10
-6.8108683394874557e+10
-1.0243546340639806e+11
7.3891576815339279e+10
-8.1078238039075638e+10
9.6173425820430145e+09
5.1163357295407953e+11
7.2715084230443649e+10
-1.3851868729182285e+11
-6.8948828355539551e+10
-1.5703455776030914e+11
-5.2326441866591358e+09
-1.9320135755256650e+09
-5.0028186221147568e+10
1.7304718225737541e+10
2.7151184937829866e+09
-2.7623591175287262e+10
8.5450319518568420e+09
1.1651606971132835e+10
-2.6439660946992939e+10
1.0173657548813614e+10
-1.1403947606280228e+10
2.2593641164365244e+11
-2.2159171045030594e+07
-1.0171270900036736e+09
-4.1010546130280334e+10
-9.1029018718310204e+09
1.6061243695569897e+10
-4.4825210336170685e+10
-9.2527598280073586e+09
-1.7652526127367138e+10
-3.6009216833773666e+10
-1.7645586855524590e+10
-3.5436833683468616e+08
-2.0127674175969238e+10
-9.8770870960938530e+09
-1.7557803242316055e+08
-6.0759338899469728e+09
5.5939083803147197e+08
-3.6842743069508724e+09
-7.9325014565537081e+09
2.5967543114367920e+08
3.5757548915427041e+09
-2.2159171045021057e+07
6.6474919227094322e+10
4.8343472306067467e+08
9.0907877713215427e+09
-1.6712522840769362e+09
2.9821884972023134e+09
8.0478445508707371e+09
-2.0039358527322197e+09
-2.8855800595786257e+09
1.7019636371322670e+10
-5.7551146047480507e+09
-2.9594571285303378e+08
-7.1736540137972045e+08
-8.7091540237744451e+08
-2.1229048604086301e+09
-1.3000903609816769e+10
-2.6814697901107259e+09
-3.1889897280310326e+09
1.2121291529647339e+10
2.7304170894683528e+09
-1.4319236129643142e+09
-1.0171270900036736e+09
4.8343472306067467e+08
6.5133875415029541e+10
-1.5961228627731819e+10
2.9956800685447860e+09
-5.2818338452922487e+09
1.7940158788554070e+10
-2.4668055694663019e+09
-6.0538347007794952e+09
6.3517441073057842e+08
-1.9034111911933985e+08
9.3220699106458449e+08
1.0000000000000000e+00
-1.6349743619272333e+11
2.4548098741241627e+09
-4.4334184386564972e+10
-7.1115496117840393e+10
-5.1301554796903252e+10
7.2715084230443634e+10
5.0669897933090118e+11
-4.1861081234900970e+09
-4.4470674277187805e+10
7.1054366545166046e+10
-4.3309278521549728e+10
-7.0953746345425751e+10
-1.5978585115597205e+11
3.1089937022396088e+07
2.4548098741241779e+09
-3.7030392985751617e+08
-7.1115496117840393e+10
-1.2879265574359106e+11
7.2715084230443604e+10
-1.3851868729182288e+11
-4.1861081234900818e+09
5.2222213743274835e+11
7.1054366545166016e+10
-1.2950289489252463e+11
-7.0953746345425781e+10
-1.2703846337168906e+11
3.1089937022450924e+07
2.0008677967367225e+09
-3.5403524100557594e+10
1.7262328237899082e+10
-3.5811766197121590e+08
-3.7403946941700394e+10
9.3343607992641220e+09
1.5487302916105526e+10
-4.1010546130280334e+10
9.0907877713215427e+09
-1.5961228627731815e+10
2.2229777214029468e+11
-6.3793191556561279e+08
6.2095375516410255e+08
-3.7586882228024292e+10
-9.2361138572655888e+09
1.5689518327878479e+10
-3.6803524483107147e+10
-8.5847921669945879e+09
-1.5497016924802361e+10
-3.4089348256624939e+10
-1.7228638868658955e+10
1.8588215357290030e+07
-1.7197735969039833e+10
-5.6288481578982973e+09
8.2733084573777258e+07
-8.7082109190522003e+09
-8.0010861199550486e+08
-2.8921341753357773e+09
-9.1029018718310184e+09
-1.6712522840769343e+09
2.9956800685447888e+09
-6.3793191556562042e+08
6.6005206453392365e+10
-2.3867001229009914e+08
9.0631501654062424e+09
-7.5130411016505146e+08
2.7396724681264172e+09
9.2682107860624771e+09
-7.2760875085265768e+08
-2.6754628757108746e+09
1.7315419724019947e+10
-5.0082795793253384e+09
-1.1818557908235312e+07
-8.9653384173121855e+07
2.4454665541529572e+08
1.0825601973926818e+09
-1.5754257297889952e+10
-2.6474352865531940e+09
-4.2142894555084639e+09
1.6061243695569897e+10
2.9821884972023158e+09
-5.2818338452922497e+09
6.2095375516409969e+08
-2.3867001229009533e+08
6.6899073027722443e+10
-1.5812639569113073e+10
2.6623750991344614e+09
-4.1973029691748619e+09
1.5054368888854229e+10
-2.9686250734815822e+09
-4.2561662117057009e+09
-8.0016088412078738e+07
-3.4379879427204013e+07
1.3857642156447158e+09
1.0000000000000000e+00
-7.9814850573477844e+10
2.3170327738742371e+09
-4.4470674277187805e+10
7.1054366545166016e+10
2.5156563195005450e+11
2.2020263103237076e+09
-4.8553901054530014e+10
-7.1818282044857559e+10
-7.8726206044858887e+10
-3.7551435845064106e+09
-3.1774727206312389e+09
1.0519787731072998e+09
7.1054366545166046e+10
-1.2950289489252466e+11
2.2020263103237228e+09
2.6298068412302264e+11
-7.1818282044857605e+10
-1.3625533214286871e+11
1.7393619099990902e+09
1.7255641392634087e+09
-1.7016669833413395e+10
8.6790076335484543e+09
-2.8045977313428199e+08
-3.7586882228024300e+10
9.0631501654062462e+09
-1.5812639569113073e+10
1.1116741396640555e+11
9.9336796829347610e+07
-3.1307516458131836e+10
-3.9927920752524414e+10
-9.2487112747918053e+09
-1.6236649545404169e+10
-1.6635941152443466e+10
-8.5927833209922466e+09
-4.6529875678072810e+08
-8.7131718860144901e+09
-2.4335366563134065e+09
4.2131041554496312e+08
-9.2361138572655869e+09
-7.5130411016505313e+08
2.6623750991344604e+09
9.9336796829347610e+07
3.3245670902367111e+10
1.2228261325028133e+08
9.3354126178561325e+09
-1.2252618979796185e+09
-2.7322835113972011e+09
8.5145363285945950e+09
-2.3981940122832499e+09
-4.7368461653250217e+08
-3.4480891445157814e+08
-4.6982432722083879e+08
7.0789622674732947e+08
1.5689518327878479e+10
2.7396724681264167e+09
-4.1973029691748619e+09
-3.1307516458131836e+10
1.2228261325027943e+08
3.3884751232091087e+10
1.6277352898477640e+10
-2.7516149092763205e+09
-4.7312972128384705e+09
-3.1454585377270293e+08
3.5948415512046337e+08
7.7332694880070090e+08
1.0000000000000000e+00
-1.6973548449359412e+11
7.9541074878379288e+09
-4.3801446703760483e+10
-7.2610919676118668e+10
5.1322848026739429e+11
-1.1482459399930084e+10
-4.1500585168965668e+10
6.8974836812478577e+10
-5.5611667749497498e+10
7.4196232963308365e+10
-1.6375527325263953e+11
2.5734176034722586e+09
-3.8824022898936958e+10
-6.9605215791048386e+10
7.9541074878379288e+09
-4.7622659762763824e+09
-7.2610919676118683e+10
-1.1350382661763713e+11
-1.1482459399930092e+10
5.1685727239775232e+11
6.8974836812478592e+10
-1.3330160395114240e+11
7.4196232963308380e+10
-1.4165740567874176e+11
2.5734176034722371e+09
-5.3202994977083170e+08
-6.9605215791048355e+10
-1.2310014022418390e+11
-3.7700131274354729e+10
1.8245803441462719e+10
-1.8581770187425160e+09
-3.3985707199067383e+10
9.6569008405141487e+09
1.5476958844396646e+10
2.2254939100790201e+11
1.4284715493949890e+07
2.6049203306321239e+08
-3.7765905056813461e+10
9.2134475414467468e+09
-1.5658626849142076e+10
-4.2619861543138107e+10
-1.0031015823306473e+10
1.7322707177982891e+10
-3.5494170444965179e+10
-1.8033041274790680e+10
-2.1742292006697652e+08
-3.4983615489563141e+10
-9.0663794408204498e+09
-1.5325931267491190e+10
-1.8651020254443447e+10
-5.4755291572958107e+09
-8.3666208397820473e+07
-9.5190674716622810e+09
-1.2876920735353008e+08
-2.5445816559292917e+09
1.4284715493949890e+07
6.8032980887070435e+10
-6.0293953720743179e+08
-8.3801351783033552e+09
-6.5527283467865014e+08
2.8018304118556952e+09
9.7033224907481613e+09
-1.7489944015858231e+09
2.7196287927003369e+09
1.7989152723409866e+10
-4.9303913761376266e+09
3.2582058899892354e+08
8.8434629747571049e+09
-1.1337233616874060e+08
-2.6160923920204101e+09
1.4494425007068908e+08
5.5752453112997639e+08
7.0948949415954447e+08
-1.4882326376131804e+10
-2.6234454558195496e+09
-2.6496850183371043e+09
2.6049203306321430e+08
-6.0293953720743752e+08
6.8272535713551056e+10
1.6475801002436872e+10
2.3889321361391745e+09
-4.3108792024158239e+09
-1.7366125816551895e+10
2.6080695593984618e+09
-4.7270670639613771e+09
-2.0346457081939819e+08
1.6783291115509236e+08
1.1614779967456269e+09
1.5570679477932322e+10
-2.4959741447957244e+09
-3.4752203458916659e+09
1.0000000000000000e+00
-6.5377283940641266e+10
-7.8808940570209549e+10
-1.5953183806497549e+11
6.1524197210278606e+09
-4.1500585168965668e+10
6.8974836812478531e+10
5.0675201270229425e+11
6.2145959416118355e+09
-3.6045852173831841e+10
6.6398409634739746e+10
-1.6095789875985352e+11
2.0733371902266226e+09
-4.3338554594026428e+10
-7.1004658729875046e+10
-7.8808940570209564e+10
-1.3467132100338910e+11
6.1524197210278339e+09
1.8334366741709375e+09
6.8974836812478592e+10
-1.3330160395114240e+11
6.2145959416117783e+09
5.2343411922045312e+11
6.6398409634739777e+10
-1.3192825165990170e+11
2.0733371902265840e+09
1.2304851402190378e+09
-7.1004658729875000e+10
-1.2659686442040997e+11
-4.3220377611364578e+10
1.0443591723235210e+10
1.6458122574510996e+10
-3.4070642275791115e+10
1.6964853661023090e+10
-1.4517120807863512e+09
-3.7765905056813461e+10
-8.3801351783033524e+09
1.6475801002436874e+10
2.2257107788454416e+11
-8.2903159933660507e+08
-6.3861724501678085e+08
-3.6290701445559708e+10
8.7524533912421684e+09
-1.5119690603681171e+10
-3.4509009115353119e+10
-1.7791325492553505e+10
-1.1679614656516314e+07
-3.6714442379662186e+10
-9.1604065053070107e+09
-1.5712224032807064e+10
-1.0569647154769623e+10
-2.4070922424061975e+09
-3.0289911419862318e+09
-1.7007384110068430e+10
-5.2610659938690920e+09
-1.0432962292242277e+08
9.2134475414467468e+09
-6.5527283467864966e+08
2.3889321361391711e+09
-8.2903159933660698e+08
6.6695952566123894e+10
3.7106646158152580e+08
-7.8290742918116493e+09
-3.1035975013478422e+08
2.7949601115255690e+09
1.7737102857167236e+10
-4.7198183038040047e+09
1.8759986797712165e+08
9.2845867573723106e+09
-5.2872149037792850e+08
-2.6092378123147364e+09
-1.6010642286842491e+10
-3.1497142508246570e+09
-5.0562734062808304e+09
6.1590441438658059e+08
2.0264667399898136e+08
1.3545637462919793e+09
-1.5658626849142076e+10
2.8018304118556991e+09
-4.3108792024158211e+09
-6.3861724501677418e+08
3.7106646158152294e+08
6.7621404663885437e+10
1.6161937227916359e+10
2.3143333790245342e+09
-4.3323074694728050e+09
-2.1394657766867197e+08
1.0224429473640573e+08
1.3569909587436175e+09
1.5743991316367073e+10
-2.6424069703724823e+09
-3.8198773398983345e+09
1.0000000000000000e+00
-6.3215943970265198e+10
-7.6339391539715210e+10
-6.7688718230058640e+10
-3.2648499360668583e+09
-3.6045852173831818e+10
6.6398409634739761e+10
2.4844879500386374e+11
9.1059328139461060e+09
-8.1498280629708038e+10
4.0998990270961800e+09
-7.6339391539715210e+10
-1.4734404995483362e+11
2.2296555584386349e+09
9.1012792880602989e+09
6.6398409634739784e+10
-1.3192825165990169e+11
9.1059328139461288e+09
2.7020826568484534e+11
-1.3946064674093244e+09
-3.7243358170364097e+07
-4.5491356712212708e+10
1.0173291385012329e+10
1.5765299352203423e+10
-1.2657780018332966e+10
7.1059679933028164e+09
1.1590895565393219e+09
-3.6290701445559708e+10
-7.8290742918116503e+09
1.6161937227916359e+10
1.1205553780311615e+11
-4.7660119076611519e+08
3.0725110512860497e+10
-1.7615699627010769e+10
-8.9735838957373867e+09
2.9112745304448879e+08
-1.0062845933249029e+10
-2.6094803873239965e+09
-3.2144907502403016e+09
-7.0753937136502724e+09
-2.0368179505788279e+09
-1.7330943571661305e+08
8.7524533912421703e+09
-3.1035975013478500e+08
2.3143333790245342e+09
-4.7660119076611519e+08
3.2552180943908051e+10
5.0621446987601662e+08
8.8623874464232445e+09
-2.4887566735509267e+09
5.6725233705635858e+08
-1.6775899647810080e+10
-2.9973082157195292e+09
-6.4279340617969189e+09
1.0816711735970395e+09
1.1201579109275079e+08
1.4550868912977715e+09
-1.5119690603681171e+10
2.7949601115255699e+09
-4.3323074694728069e+09
3.0725110512860497e+10
5.0621446987602234e+08
3.3810634569962791e+10
8.8808565033719778e+07
-4.1588215677481425e+08
6.0128625232867301e+08
1.0000000000000000e+00
-1.5636861350604987e+11
-6.1990158232214603e+09
-5.0442130081395195e+10
-6.8948828355539536e+10
-5.5611667749497482e+10
7.4196232963308350e+10
5.0207055494478711e+11
-8.7208426949635315e+08
-4.7059141213753632e+10
7.3783050585316559e+10
-3.5018039975247772e+10
-6.8405709769611832e+10
-1.5757096241884305e+11
-3.5536453307557678e+09
-6.1990158232214336e+09
2.5544535209656787e+09
-6.8948828355539551e+10
-1.5703455776030914e+11
7.4196232963308380e+10
-1.4165740567874173e+11
-8.7208426949633408e+08
5.3055949330635724e+11
7.3783050585316589e+10
-1.1713548660371796e+11
-6.8405709769611816e+10
-1.2036849679035437e+11
-3.5536453307557902e+09
3.0820000058003039e+09
-3.3231454317765099e+10
1.7920093820593132e+10
9.2416398774659717e+08
-4.4825210336170685e+10
8.0478445508707390e+09
1.7940158788554066e+10
-4.2619861543138107e+10
9.7033224907481651e+09
-1.7366125816551895e+10
2.2309908449870398e+11
-5.7191982546356773e+08
-9.2808828284427357e+08
-3.5474147985256210e+10
-9.0536429294631615e+09
1.5099308465218872e+10
-3.3571165350593040e+10
-8.6187700389745197e+09
-1.5421705574475506e+10
-3.3377244965780846e+10
-1.7426928068310787e+10
-2.4771156764786631e+08
-1.7062626316137808e+10
-4.3119924179685593e+09
-1.5648254958216703e+08
-9.2527598280073586e+09
-2.0039358527322209e+09
-2.4668055694662991e+09
-1.0031015823306473e+10
-1.7489944015858228e+09
2.6080695593984637e+09
-5.7191982546356964e+08
6.7399866742690140e+10
-2.7340148349934578e+07
1.0202935942297916e+10
-5.9920888024465644e+08
2.5989607964830160e+09
8.9257680940302734e+09
2.7398205072143859e+08
-2.3886135762908139e+09
1.7789617756587021e+10
-4.3352578181948633e+09
-1.6778851219226766e+08
-3.0783409883058310e+08
-3.8507750030262792e+08
1.5460473769798083e+09
-1.7652526127367134e+10
-2.8855800595786276e+09
-6.0538347007794952e+09
1.7322707177982887e+10
2.7196287927003374e+09
-4.7270670639613781e+09
-9.2808828284427929e+08
-2.7340148349933624e+07
6.8907066074682175e+10
-1.4520387093192896e+10
3.0701842467574959e+09
-3.5416789788858290e+09
1.5361696459158653e+10
-2.5019770898051348e+09
-3.0443325901759291e+09
7.2443196509334755e+08
1.0161758578490257e+07
1.5882593048260994e+09
1.0000000000000000e+00
-1.6473921862651245e+11
-5.2326441866591358e+09
-4.3309278521549713e+10
-7.0953746345425766e+10
-4.7059141213753639e+10
7.3783050585316589e+10
5.1063674150731848e+11
1.2462966078030014e+09
-4.8162251218270470e+10
7.2270419898934235e+10
-4.1879557525349213e+10
-6.8193750851734154e+10
-1.6548729440188303e+11
-2.9196257082347670e+09
-5.2326441866591539e+09
-1.9320135755256739e+09
-7.0953746345425751e+10
-1.2703846337168903e+11
7.3783050585316574e+10
-1.1713548660371793e+11
1.2462966078030853e+09
5.1805160987119916e+11
7.2270419898934204e+10
-1.3178367166706877e+11
-6.8193750851734169e+10
-1.3849985375253619e+11
-2.9196257082347631e+09
-1.6621209006615932e+09
-3.6009216833773651e+10
1.7019636371322670e+10
6.3517441073057675e+08
-3.6803524483107147e+10
9.2682107860624771e+09
1.5054368888854229e+10
-3.5474147985256203e+10
1.0202935942297915e+10
-1.4520387093192898e+10
2.2224748332251926e+11
-2.1800984035382080e+08
-3.8394796523039341e+08
-3.8877205561647385e+10
-9.2765318583860893e+09
1.6128612452264462e+10
-3.8970860461271538e+10
-9.0729576381327000e+09
-1.6492298915029228e+10
-3.6112527997463333e+10
-1.7923283762810429e+10
-4.2152177839675891e+08
-1.7645586855524578e+10
-5.7551146047480459e+09
-1.9034111911934066e+08
-8.5847921669945879e+09
-7.2760875085265660e+08
-2.9686250734815793e+09
-9.0536429294631615e+09
-5.9920888024465811e+08
3.0701842467574959e+09
-2.1800984035382271e+08
6.6575114748641174e+10
6.0015340617803574e+07
9.3263463339167442e+09
-1.1083127489216793e+09
2.7431199839601021e+09
8.3971265273676987e+09
-7.9195081859882998e+08
-2.6471324185535936e+09
1.7778558931051712e+10
-5.3570159923629723e+09
-6.7220960180888176e+07
-3.5436833683468664e+08
-2.9594571285303521e+08
9.3220699106458211e+08
-1.5497016924802357e+10
-2.6754628757108765e+09
-4.2561662117057004e+09
1.5099308465218868e+10
2.5989607964830184e+09
-3.5416789788858290e+09
-3.8394796523039246e+08
6.0015340617807388e+07
6.7053797982933418e+10
-1.5819981912962807e+10
2.8153904913889589e+09
-4.4070643808502836e+09
1.6605892597409285e+10
-2.4110019389879465e+09
-4.5534885728088608e+09
3.5011407720208907e+08
-9.1956100937929332e+07
1.0082961231649961e+09
1.0000000000000000e+00
-1.5978585115597211e+11
3.1089937022418022e+07
-4.8553901054530014e+10
-7.1818282044857590e+10
-4.8162251218270477e+10
7.2270419898934235e+10
5.0408581011861859e+11
-2.0036546174137802e+09
-5.0299015065990150e+10
7.3235700638468323e+10
-3.8676020921225937e+10
-6.8294033289637115e+10
-1.5860877070262991e+11
-3.4212405225164747e+09
3.1089937022421360e+07
2.0008677967367191e+09
-7.1818282044857574e+10
-1.3625533214286874e+11
7.2270419898934235e+10
-1.3178367166706879e+11
-2.0036546174137878e+09
5.2499010627450311e+11
7.3235700638468323e+10
-1.3163846170292224e+11
-6.8294033289637115e+10
-1.2995024187070877e+11
-3.4212405225164795e+09
2.6367333123286381e+09
-3.4089348256624931e+10
1.7315419724019943e+10
-8.0016088412078381e+07
-3.9927920752524414e+10
9.3354126178561306e+09
1.6277352898477640e+10
-3.8877205561647385e+10
9.3263463339167423e+09
-1.5819981912962807e+10
2.2233121650468683e+11
-5.3204979736462402e+08
-2.9292519941507244e+08
-3.9307479548839096e+10
-9.4511427496360397e+09
1.6343657467408016e+10
-3.6431599985911827e+10
-8.4546242673714714e+09
-1.5864488219998863e+10
-3.3697662399139160e+10
-1.7539361861420700e+10
-5.6359894509681845e+08
-1.7228638868658958e+10
-5.0082795793253345e+09
-3.4379879427208006e+07
-9.2487112747918091e+09
-1.2252618979796190e+09
-2.7516149092763176e+09
-9.2765318583860893e+09
-1.1083127489216800e+09
2.8153904913889589e+09
-5.3204979736461830e+08
6.6763733409128456e+10
-1.1250191811207199e+08
9.9054588369735603e+09
-1.1406738905044165e+09
2.6048402978599091e+09
8.8864377430920219e+09
-3.5647013450707465e+08
-2.4840675666750221e+09
1.7494035219135891e+10
-4.5863100635375872e+09
-3.7666515758249819e+07
1.8588215357291222e+07
-1.1818557908234417e+07
1.3857642156447148e+09
-1.6236649545404173e+10
-2.7322835113972025e+09
-4.7312972128384705e+09
1.6128612452264462e+10
2.7431199839601040e+09
-4.4070643808502827e+09
-2.9292519941507053e+08
-1.1250191811207294e+08
6.7919964887041550e+10
-1.5850782597041828e+10
2.8400216555108314e+09
-4.3546548768430023e+09
1.5826784165603016e+10
-2.6298159812945805e+09
-3.9855669310197840e+09
4.0637250863630152e+08
-9.6721670758843482e+07
1.5112793932180121e+09
1.0000000000000000e+00
-7.8726206044858902e+10
1.7393619099990864e+09
-5.0299015065990158e+10
7.3235700638468323e+10
2.5413139692858774e+11
-2.6573664737669468e+09
-8.4064736997390594e+10
-2.7472527472528553e+09
-4.1041438820348053e+10
-6.9570443327447632e+10
-3.7551435845064001e+09
1.7255641392634277e+09
7.3235700638468323e+10
-1.3163846170292224e+11
-2.6573664737669401e+09
2.6022906545755151e+11
2.7472527472526569e+09
-1.5861271131583519e+09
-6.9570443327447647e+10
-1.2873004078073431e+11
-1.6635941152443466e+10
8.5145363285945978e+09
-3.1454585377270210e+08
-3.9307479548839096e+10
9.9054588369735622e+09
-1.5850782597041828e+10
1.1112726039206711e+11
-1.8661960041505718e+08
-3.1752652097515053e+10
-1.8504816320180328e+10
-9.2524081600901566e+09
-3.6679023370604218e+10
-8.9809674050629387e+09
-1.6184583554234474e+10
-8.5927833209922428e+09
-2.3981940122832527e+09
3.5948415512046194e+08
-9.4511427496360397e+09
-1.1406738905044181e+09
2.8400216555108309e+09
-1.8661960041505939e+08
3.3723231558769814e+10
-1.3338134150106084e+08
9.2524081600901508e+09
-2.5719491730726905e+09
-5.6280525030525756e+08
8.9781375109531918e+09
-4.1922278902738768e+08
-2.5033192188249841e+09
-4.6529875678072953e+08
-4.7368461653250033e+08
7.7332694880070210e+08
1.6343657467408020e+10
2.6048402978599095e+09
-4.3546548768430061e+09
-3.1752652097515053e+10
-1.3338134150106233e+08
3.4079931368755341e+10
5.6280525030524683e+08
4.4609825057577062e+08
1.5874293386887753e+10
-2.5605795901315956e+09
-3.7515099974067411e+09
1.0000000000000000e+00
-1.6375527325263953e+11
2.5734176034722490e+09
-3.5018039975247772e+10
-6.8405709769611809e+10
5.0715444826052081e+11
-1.1852612880842278e+10
-5.2579511285671227e+10
7.3106111855022888e+10
-5.3868255706541489e+10
7.4150424198830215e+10
-1.5945238142336450e+11
8.3647443580905724e+08
-4.2480986617056412e+10
-7.0408105442680328e+10
2.5734176034722295e+09
-5.3202994977083623e+08
-6.8405709769611832e+10
-1.2036849679035437e+11
-1.1852612880842239e+10
5.2277094668777136e+11
7.3106111855022919e+10
-1.3972983089347311e+11
7.4150424198830170e+10
-1.3643091590433325e+11
8.3647443580904341e+08
2.2340266005227909e+09
-7.0408105442680328e+10
-1.2794369975036256e+11
-3.5494170444965179e+10
1.7989152723409866e+10
-2.0346457081939891e+08
-3.3571165350593033e+10
8.9257680940302753e+09
1.5361696459158657e+10
2.2251474582216190e+11
2.7055799394822121e+08
8.4610517152608871e+08
-4.1548314668333679e+10
9.3794952550877571e+09
-1.6865885435112263e+10
-4.1114018557905022e+10
-1.0155527834117130e+10
1.6648644026043587e+10
-3.3966928511107773e+10
-1.7364939953803020e+10
-3.6396491834811902e+08
-3.6820148289257202e+10
-9.0445062785559616e+09
-1.5423130732448534e+10
-1.8033041274790680e+10
-4.9303913761376228e+09
1.6783291115509343e+08
-8.6187700389745197e+09
2.7398205072143906e+08
-2.5019770898051333e+09
2.7055799394821930e+08
6.7351077648394516e+10
-6.6080717911282921e+08
-9.7136189031586304e+09
-1.5781960349981771e+09
2.6765649011531286e+09
9.6259503502742157e+09
-1.4752853603997920e+09
2.7920673744127893e+09
1.7417016761253998e+10
-4.8397989537309933e+09
2.2636787628404951e+08
9.0519051114473953e+09
-5.7186138076903200e+08
-2.7000487940870953e+09
-2.1742292006697640e+08
3.2582058899892414e+08
1.1614779967456253e+09
-1.5421705574475502e+10
-2.3886135762908130e+09
-3.0443325901759286e+09
8.4610517152609348e+08
-6.6080717911282825e+08
6.8242343108108459e+10
1.6489866413535002e+10
2.8468523132015047e+09
-4.9358823372544861e+09
-1.6993406127201447e+10
2.5616965180893092e+09
-4.4591815710975342e+09
-2.6097045264541149e+08
-8.7299340518794060e+06
1.4280899892655003e+09
1.5557533489328245e+10
-2.6762187308342166e+09
-4.1629880025113225e+09
1.0000000000000000e+00
-3.8824022898936974e+10
-6.9605215791048355e+10
-1.6095789875985352e+11
2.0733371902265835e+09
-5.2579511285671204e+10
7.3106111855022888e+10
5.0549442594739288e+11
-8.2319443418088150e+09
-4.8276042552008530e+10
7.1875387216503403e+10
-1.5996044101622357e+11
2.1055250485855293e+09
-4.4896509434699059e+10
-7.1323201177481247e+10
-6.9605215791048355e+10
-1.2310014022418387e+11
2.0733371902265902e+09
1.2304851402190363e+09
7.3106111855022888e+10
-1.3972983089347311e+11
-8.2319443418087921e+09
5.2384058603197217e+11
7.1875387216503387e+10
-1.3512512926971646e+11
2.1055250485855756e+09
1.8538069434906859e+09
-7.1323201177481262e+10
-1.2896977772830841e+11
-3.4983615489563133e+10
8.8434629747571049e+09
1.5570679477932323e+10
-3.4509009115353127e+10
1.7737102857167236e+10
-2.1394657766867256e+08
-4.1548314668333672e+10
-9.7136189031586323e+09
1.6489866413535000e+10
2.2238719394615912e+11
4.9849890388046646e+08
1.4718484554810715e+08
-3.9623709961483795e+10
9.2727403582674294e+09
-1.6462348156668743e+10
-3.4158840694726257e+10
-1.7379294746437546e+10
2.2885590889223433e+08
-3.7563704016699150e+10
-9.2588914444760323e+09
-1.5760291911570251e+10
-9.0663794408204460e+09
-1.1337233616874161e+08
-2.4959741447957230e+09
-1.7791325492553505e+10
-4.7198183038040085e+09
1.0224429473640376e+08
9.3794952550877571e+09
-1.5781960349981766e+09
2.8468523132015014e+09
4.9849890388046455e+08
6.7061750202034195e+10
-4.5385759908167553e+08
-9.5094930699436455e+09
-1.1151138112453134e+09
2.6190066644020596e+09
1.7321315112811974e+10
-4.9621980246230307e+09
9.4454181675585151e+07
9.1678887315374012e+09
-7.5186744202766633e+08
-2.7127257101381493e+09
-1.5325931267491188e+10
-2.6160923920204115e+09
-3.4752203458916640e+09
-1.1679614656517982e+07
1.8759986797712040e+08
1.3569909587436171e+09
-1.6865885435112263e+10
2.6765649011531305e+09
-4.9358823372544861e+09
1.4718484554810619e+08
-4.5385759908167744e+08
6.8093939828038757e+10
1.6304451257758335e+10
2.7222736059439020e+09
-4.4813958803223114e+09
-5.7726044163175941e+07
1.5836475305977887e+08
1.3790060138598382e+09
1.5809586258116703e+10
-2.6748531370318341e+09
-4.1162539880064936e+09
1.0000000000000000e+00
-4.3338554594026436e+10
-7.1004658729875015e+10
-8.1498280629708084e+10
-1.3946064674093208e+09
-4.8276042552008530e+10
7.1875387216503403e+10
2.5333305155874139e+11
-2.7707223410956688e+09
-8.0220173782998383e+10
3.2946003218766079e+09
-7.1004658729875031e+10
-1.2659686442040997e+11
4.0998990270961823e+09
-3.7243358170366295e+07
7.1875387216503387e+10
-1.3512512926971649e+11
-2.7707223410957146e+09
2.6096516463445868e+11
-2.1999051726288686e+09
7.9407241383816731e+08
-3.6714442379662178e+10
9.2845867573723145e+09
1.5743991316367073e+10
-1.7615699627010769e+10
8.8623874464232502e+09
8.8808565033718586e+07
-3.9623709961483803e+10
-9.5094930699436455e+09
1.6304451257758343e+10
1.1111381214050616e+11
1.3380020048481750e+08
3.1640947129566925e+10
-1.7159960172349430e+10
-8.7712813343367062e+09
3.2436583383806324e+08
-9.1604065053070107e+09
-5.2872149037792885e+08
-2.6424069703724852e+09
-8.9735838957373867e+09
-2.4887566735509272e+09
-4.1588215677481341e+08
9.2727403582674313e+09
-1.1151138112453122e+09
2.7222736059438982e+09
1.3380020048481560e+08
3.3599391316405075e+10
-1.5130781412437534e+08
8.7274498422921505e+09
-2.4467768817095389e+09
4.8732333532776999e+08
-1.5712224032807064e+10
-2.6092378123147354e+09
-3.8198773398983345e+09
2.9112745304448843e+08
5.6725233705636048e+08
6.0128625232867289e+08
-1.6462348156668741e+10
2.6190066644020576e+09
-4.4813958803223152e+09
3.1640947129566925e+10
-1.5130781412437916e+08
3.4037262930126907e+10
2.4249760686439776e+08
-4.2571337501930797e+08
6.8274649728643823e+08
1.0000000000000000e+00
-8.4064736997390610e+10
2.7472527472526608e+09
2.5695259233164648e+11
-4.4411559168432663e+10
7.1428571428571411e+10
-8.4064736997390411e+10
-2.7472527472528515e+09
-4.4411559168432869e+10
-7.1428571428571411e+10
-2.7472527472528534e+09
-1.5861271131583595e+09
2.5695259233164661e+11
7.1428571428571442e+10
-1.2689016905266467e+11
2.7472527472526398e+09
-1.5861271131582298e+09
-7.1428571428571411e+10
-1.2689016905266534e+11
-1.8504816320180328e+10
9.2524081600901508e+09
1.1102889792108185e+11
-3.2051282051282040e+10
-3.7009632640360535e+10
9.2524081600901604e+09
-1.6025641025640991e+10
-1.8504816320180267e+10
-9.2524081600901489e+09
-3.7009632640360718e+10
-9.2524081600901489e+09
-1.6025641025641056e+10
-9.2524081600901585e+09
-2.5719491730726895e+09
5.6280525030524564e+08
3.4134777247761169e+10
-9.2524081600901451e+09
-6.1682721067266428e+08
2.6137057387057433e+09
9.2524081600901413e+09
-2.5719491730726686e+09
-5.6280525030525279e+08
9.2524081600901680e+09
-6.1682721067269361e+08
-2.6137057387057314e+09
-5.6280525030525899e+08
4.4609825057576942e+08
-3.2051282051282040e+10
3.4134777247761173e+10
1.6025641025640995e+10
2.6137057387057395e+09
-3.6348746343211164e+09
5.6280525030523992e+08
4.4609825057578588e+08
1.6025641025641052e+10
-2.6137057387057395e+09
-3.6348746343211555e+09
1.0000000000000000e+00
-1.5757096241884302e+11
-3.5536453307557974e+09
-4.1879557525349213e+10
-6.8193750851734146e+10
-5.3868255706541504e+10
7.4150424198830170e+10
5.0052336367156158e+11
-6.1018211594858932e+09
-5.3818441588381256e+10
7.4647453621974289e+10
-3.9606202789648994e+10
-6.8432486620914375e+10
-1.5377994364279767e+11
-2.5161738579142761e+09
-3.5536453307557893e+09
3.0820000058002858e+09
-6.8193750851734200e+10
-1.3849985375253619e+11
7.4150424198830185e+10
-1.3643091590433322e+11
-6.1018211594858170e+09
5.2988795945974500e+11
7.4647453621974304e+10
-1.3244180778135036e+11
-6.8432486620914398e+10
-1.3136593234839761e+11
-2.5161738579142866e+09
5.7685503210721397e+09
-3.3377244965780846e+10
1.7789617756587013e+10
7.2443196509334743e+08
-3.8970860461271538e+10
8.3971265273676977e+09
1.6605892597409286e+10
-4.1114018557905029e+10
9.6259503502742195e+09
-1.6993406127201447e+10
2.2261973030614651e+11
-3.1600099836329269e+08
-2.9059408861645603e+08
-4.0241411900867943e+10
-9.4671575632286339e+09
1.6612847332090878e+10
-3.6938424258219955e+10
-8.6544365638112564e+09
-1.6134439794786682e+10
-3.1977770162101200e+10
-1.7375099508825729e+10
-5.2473188398890781e+08
-1.7426928068310791e+10
-4.3352578181948633e+09
1.0161758578490019e+07
-9.0729576381327000e+09
-7.9195081859883094e+08
-2.4110019389879456e+09
-1.0155527834117130e+10
-1.4752853603997931e+09
2.5616965180893087e+09
-3.1600099836329651e+08
6.7514490173515396e+10
-3.4730671902249050e+08
1.0521196745486410e+10
-1.3700572567755728e+09
2.5156947918442202e+09
9.1743831315723343e+09
-3.3997021379800296e+08
-2.3638261139833922e+09
1.7275834661865166e+10
-3.9782321861991377e+09
3.4581703481803417e+07
-2.4771156764786679e+08
-1.6778851219226944e+08
1.5882593048260989e+09
-1.6492298915029230e+10
-2.6471324185535922e+09
-4.5534885728088617e+09
1.6648644026043592e+10
2.7920673744127846e+09
-4.4591815710975332e+09
-2.9059408861645508e+08
-3.4730671902248573e+08
6.9052205455815536e+10
-1.6092526108049046e+10
2.9419268782405543e+09
-4.3521295099751606e+09
1.6156493661072540e+10
-2.5273857127990026e+09
-3.9355178700356731e+09
3.1799299222646904e+08
-4.4380890085993588e+07
1.8835892828247986e+09
1.0000000000000000e+00
-1.6548729440188303e+11
-2.9196257082347717e+09
-3.8676020921225967e+10
-6.8294033289637115e+10
-5.3818441588381271e+10
7.4647453621974304e+10
5.0797382666180505e+11
-8.3634317452183723e+09
-5.2754714808196022e+10
7.4113111608893982e+10
-3.8016095761173660e+10
-6.8584353953960335e+10
-1.5922125918094519e+11
-5.9912053381772614e+08
-2.9196257082347498e+09
-1.6621209006615882e+09
-6.8294033289637115e+10
-1.2995024187070872e+11
7.4647453621974274e+10
-1.3244180778135037e+11
-8.3634317452183952e+09
5.2120019551090479e+11
7.4113111608894028e+10
-1.3285063037868642e+11
-6.8584353953960327e+10
-1.2663036199854636e+11
-5.9912053381774569e+08
2.3349674190486002e+09
-3.6112527997463341e+10
1.7778558931051716e+10
3.5011407720208931e+08
-3.6431599985911835e+10
8.8864377430920238e+09
1.5826784165603016e+10
-4.0241411900867935e+10
1.0521196745486408e+10
-1.6092526108049044e+10
2.2235241219780771e+11
-5.8165865781014061e+08
-3.8754399502703667e+08
-4.0099920256425217e+10
-9.9742961105391788e+09
1.6107056026735128e+10
-3.5571765565371597e+10
-9.1114690103073082e+09
-1.5980078662246363e+10
-3.3895186491767792e+10
-1.7518769640973549e+10
1.7619449578219485e+08
-1.7923283762810432e+10
-5.3570159923629704e+09
-9.1956100937929809e+07
-8.4546242673714714e+09
-3.5647013450707424e+08
-2.6298159812945800e+09
-9.4671575632286339e+09
-1.3700572567755733e+09
2.9419268782405562e+09
-5.8165865781014252e+08
6.7458468105867683e+10
-4.4961071809867668e+08
9.8838844274905186e+09
-1.2987320907676835e+09
2.7628668714900036e+09
8.8346132869509678e+09
-4.5754436037823237e+07
-2.4333555956291838e+09
1.7708226536779182e+10
-4.5864823850807800e+09
-1.0005535377019382e+08
-4.2152177839675796e+08
-6.7220960180888355e+07
1.0082961231649964e+09
-1.5864488219998863e+10
-2.4840675666750231e+09
-3.9855669310197802e+09
1.6612847332090878e+10
2.5156947918442187e+09
-4.3521295099751616e+09
-3.8754399502703667e+08
-4.4961071809867668e+08
6.8249064046603470e+10
-1.6314476764545090e+10
2.6946390421761785e+09
-4.4827187695001612e+09
1.5885660198195578e+10
-2.3614525996945944e+09
-3.4687994705562444e+09
4.8952322768129385e+08
1.5201801062878507e+08
1.4758103216186566e+09
1.0000000000000000e+00
-1.5860877070262988e+11
-3.4212405225164957e+09
-4.1041438820348068e+10
-6.9570443327447617e+10
-4.4411559168432632e+10
7.1428571428571442e+10
-5.2754714808196045e+10
7.4113111608894012e+10
5.0656779027655847e+11
-1.5855530276833529e+09
-1.6430213852397314e+11
-4.7775604239427948e+08
-4.5449168252978714e+10
-7.0486690117423721e+10
-3.4212405225164833e+09
2.6367333123286405e+09
-6.9570443327447632e+10
-1.2873004078073431e+11
7.1428571428571411e+10
-1.2689016905266467e+11
7.4113111608894012e+10
-1.3285063037868642e+11
-1.5855530276833291e+09
5.2214940441322491e+11
-4.7775604239426422e+08
-8.0146612212813568e+08
-7.0486690117423721e+10
-1.3551383139133990e+11
-3.3697662399139156e+10
1.7494035219135887e+10
4.0637250863630366e+08
-3.6679023370604218e+10
8.9781375109531918e+09
1.5874293386887753e+10
-3.7009632640360535e+10
-9.2524081600901451e+09
1.6025641025640993e+10
-4.0099920256425217e+10
9.8838844274905205e+09
-1.6314476764545090e+10
2.2225371490211365e+11
1.6457854953000617e+08
6.7528635626257133e+08
-3.5670531867984833e+10
-1.8023120207266670e+10
-3.1794717681206012e+08
-3.9096944367599701e+10
-9.2451073397527828e+09
-1.6349169336070486e+10
-1.7539361861420700e+10
-4.5863100635375824e+09
-9.6721670758843422e+07
-8.9809674050629387e+09
-4.1922278902739084e+08
-2.5605795901315951e+09
9.2524081600901566e+09
-6.1682721067266273e+08
2.6137057387057390e+09
-9.9742961105391788e+09
-1.2987320907676845e+09
2.6946390421761751e+09
1.6457854953001547e+08
6.7455331424295494e+10
-9.6059479293844134e+07
1.7984848760416748e+10
-5.0192730356323128e+09
7.8945278768623590e+07
9.0927899069859123e+09
-9.3006794896595311e+08
-2.6339293194662495e+09
-5.6359894509682131e+08
-3.7666515758248508e+07
1.5112793932180123e+09
-1.6184583554234474e+10
-2.5033192188249807e+09
-3.7515099974067411e+09
-1.6025641025640987e+10
2.6137057387057414e+09
-3.6348746343211184e+09
1.6107056026735130e+10
2.7628668714900122e+09
-4.4827187695001602e+09
6.7528635626257324e+08
-9.6059479293847144e+07
6.8329051199572342e+10
-2.4648793970181465e+08
-1.3271788992407995e+08
1.1279137499079428e+09
1.6237969081676392e+10
-2.6068095063945866e+09
-4.5142426557783661e+09
1.0000000000000000e+00
