120	120	1656
0
10
20
34
49
63
64
78
92
113
134
155
156
170
184
205
226
247
248
258
268
283
298
313
314
328
342
363
384
405
406
420
434
455
476
497
498
512
526
547
568
589
590
604
618
639
660
681
682
692
702
717
732
747
748
758
768
783
798
813
814
828
842
863
884
905
906
920
934
955
976
997
998
1008
1018
1033
1048
1063
1064
1078
1092
1113
1134
1155
1156
1170
1184
1205
1226
1247
1248
1262
1276
1297
1318
1339
1340
1354
1368
1389
1410
1431
1432
1444
1456
1474
1492
1510
1511
1519
1527
1539
1551
1563
1564
1578
1592
1613
1634
1655
1656
216
217
240
241
264
265
282
283
288
289
216
217
240
241
264
265
282
283
288
289
218
219
242
243
244
266
267
268
284
285
286
290
291
292
218
219
220
242
243
244
266
267
268
284
285
286
290
291
292
219
220
242
243
244
266
267
268
284
285
286
290
291
292
245
198
199
222
223
246
247
252
253
270
271
300
301
306
307
198
199
222
223
246
247
252
253
270
271
300
301
306
307
200
201
202
224
225
226
248
249
250
254
255
256
272
273
274
302
303
304
308
309
310
200
201
202
224
225
226
248
249
250
254
255
256
272
273
274
302
303
304
308
309
310
200
201
202
224
225
226
248
249
250
254
255
256
272
273
274
302
303
304
308
309
310
251
198
199
204
205
246
247
252
253
258
259
306
307
312
313
198
199
204
205
246
247
252
253
258
259
306
307
312
313
200
201
202
206
207
208
248
249
250
254
255
256
260
261
262
308
309
310
314
315
316
200
201
202
206
207
208
248
249
250
254
255
256
260
261
262
308
309
310
314
315
316
200
201
202
206
207
208
248
249
250
254
255
256
260
261
262
308
309
310
314
315
316
257
204
205
210
211
252
253
258
259
312
313
204
205
210
211
252
253
258
259
312
313
206
207
208
212
213
214
254
255
256
260
261
262
314
315
316
206
207
208
212
213
214
254
255
256
260
261
262
314
315
316
206
207
208
212
213
214
254
255
256
260
261
262
314
315
316
263
216
217
234
235
240
241
264
265
276
277
282
283
318
319
216
217
234
235
240
241
264
265
276
277
282
283
318
319
218
219
220
236
237
238
242
243
244
266
267
268
278
279
280
284
285
286
320
321
322
218
219
220
236
237
238
242
243
244
266
267
268
278
279
280
284
285
286
320
321
322
218
219
220
236
237
238
242
243
244
266
267
268
278
279
280
284
285
286
320
321
322
269
222
223
228
229
246
247
270
271
276
277
300
301
324
325
222
223
228
229
246
247
270
271
276
277
300
301
324
325
224
225
226
230
231
232
248
249
250
272
273
274
278
279
280
302
303
304
326
327
328
224
225
226
230
231
232
248
249
250
272
273
274
278
279
280
302
303
304
326
327
328
224
225
226
230
231
232
248
249
250
272
273
274
278
279
280
302
303
304
326
327
328
275
228
229
234
235
264
265
270
271
276
277
318
319
324
325
228
229
234
235
264
265
270
271
276
277
318
319
324
325
230
231
232
236
237
238
266
267
268
272
273
274
278
279
280
320
321
322
326
327
328
230
231
232
236
237
238
266
267
268
272
273
274
278
279
280
320
321
322
326
327
328
230
231
232
236
237
238
266
267
268
272
273
274
278
279
280
320
321
322
326
327
328
281
240
241
264
265
282
283
288
289
318
319
330
331
336
337
240
241
264
265
282
283
288
289
318
319
330
331
336
337
242
243
244
266
267
268
284
285
286
290
291
292
320
321
322
332
333
334
338
339
340
242
243
244
266
267
268
284
285
286
290
291
292
320
321
322
332
333
334
338
339
340
242
243
244
266
267
268
284
285
286
290
291
292
320
321
322
332
333
334
338
339
340
287
240
241
282
283
288
289
294
295
336
337
240
241
282
283
288
289
294
295
336
337
242
243
244
284
285
286
290
291
292
296
297
298
338
339
340
242
243
244
284
285
286
290
291
292
296
297
298
338
339
340
242
243
244
284
285
286
290
291
292
296
297
298
338
339
340
293
288
289
294
295
336
337
342
343
348
349
288
289
294
295
336
337
342
343
348
349
290
291
292
296
297
298
338
339
340
344
345
346
350
351
352
290
291
292
296
297
298
338
339
340
344
345
346
350
351
352
290
291
292
296
297
298
338
339
340
344
345
346
350
351
352
299
246
247
270
271
300
301
306
307
324
325
354
355
360
361
246
247
270
271
300
301
306
307
324
325
354
355
360
361
248
249
250
272
273
274
302
303
304
308
309
310
326
327
328
356
357
358
362
363
364
248
249
250
272
273
274
302
303
304
308
309
310
326
327
328
356
357
358
362
363
364
248
249
250
272
273
274
302
303
304
308
309
310
326
327
328
356
357
358
362
363
364
305
246
247
252
253
300
301
306
307
312
313
360
361
366
367
246
247
252
253
300
301
306
307
312
313
360
361
366
367
248
249
250
254
255
256
302
303
304
308
309
310
314
315
316
362
363
364
368
369
370
248
249
250
254
255
256
302
303
304
308
309
310
314
315
316
362
363
364
368
369
370
248
249
250
254
255
256
302
303
304
308
309
310
314
315
316
362
363
364
368
369
370
311
252
253
258
259
306
307
312
313
366
367
252
253
258
259
306
307
312
313
366
367
254
255
256
260
261
262
308
309
310
314
315
316
368
369
370
254
255
256
260
261
262
308
309
310
314
315
316
368
369
370
254
255
256
260
261
262
308
309
310
314
315
316
368
369
370
317
264
265
276
277
282
283
318
319
324
325
330
331
372
373
264
265
276
277
282
283
318
319
324
325
330
331
372
373
266
267
268
278
279
280
284
285
286
320
321
322
326
327
328
332
333
334
374
375
376
266
267
268
278
279
280
284
285
286
320
321
322
326
327
328
332
333
334
374
375
376
266
267
268
278
279
280
284
285
286
320
321
322
326
327
328
332
333
334
374
375
376
323
270
271
276
277
300
301
318
319
324
325
354
355
372
373
270
271
276
277
300
301
318
319
324
325
354
355
372
373
272
273
274
278
279
280
302
303
304
320
321
322
326
327
328
356
357
358
374
375
376
272
273
274
278
279
280
302
303
304
320
321
322
326
327
328
356
357
358
374
375
376
272
273
274
278
279
280
302
303
304
320
321
322
326
327
328
356
357
358
374
375
376
329
282
283
318
319
330
331
336
337
372
373
378
379
384
385
282
283
318
319
330
331
336
337
372
373
378
379
384
385
284
285
286
320
321
322
332
333
334
338
339
340
374
375
376
380
381
382
386
387
388
284
285
286
320
321
322
332
333
334
338
339
340
374
375
376
380
381
382
386
387
388
284
285
286
320
321
322
332
333
334
338
339
340
374
375
376
380
381
382
386
387
388
335
282
283
288
289
294
295
330
331
336
337
342
343
384
385
282
283
288
289
294
295
330
331
336
337
342
343
384
385
284
285
286
290
291
292
296
297
298
332
333
334
338
339
340
344
345
346
386
387
388
284
285
286
290
291
292
296
297
298
332
333
334
338
339
340
344
345
346
386
387
388
284
285
286
290
291
292
296
297
298
332
333
334
338
339
340
344
345
346
386
387
388
341
294
295
336
337
342
343
348
349
384
385
390
391
294
295
336
337
342
343
348
349
384
385
390
391
296
297
298
338
339
340
344
345
346
350
351
352
386
387
388
392
393
394
296
297
298
338
339
340
344
345
346
350
351
352
386
387
388
392
393
394
296
297
298
338
339
340
344
345
346
350
351
352
386
387
388
392
393
394
347
294
295
342
343
348
349
390
391
294
295
342
343
348
349
390
391
296
297
298
344
345
346
350
351
352
392
393
394
296
297
298
344
345
346
350
351
352
392
393
394
296
297
298
344
345
346
350
351
352
392
393
394
353
300
301
324
325
354
355
360
361
372
373
396
397
402
403
300
301
324
325
354
355
360
361
372
373
396
397
402
403
302
303
304
326
327
328
356
357
358
362
363
364
374
375
376
398
399
400
404
405
406
302
303
304
326
327
328
356
357
358
362
363
364
374
375
376
398
399
400
404
405
406
302
303
304
326
327
328
356
357
358
362
363
364
374
375
376
398
399
400
404
405
406
359
-8.4064736997390396e+10
2.7472527472526569e+09
2.5407262993309583e+11
3.7134146771239738e+09
-4.0264308482521317e+10
6.9529744698387634e+10
-5.1208085619936455e+10
-7.3323154548624573e+10
-7.8535498833247635e+10
-2.6672575741396999e+09
-2.7472527472528534e+09
-1.5861271131582298e+09
3.7134146771239929e+09
2.6041332760112012e+11
6.9529744698387604e+10
-1.2704332041352051e+11
-7.3323154548624573e+10
-1.3365154691073996e+11
2.8272479203658085e+09
1.8676668362986183e+09
-1.8504816320180267e+10
9.2524081600901394e+09
1.1115437354134296e+11
2.2988568190988922e+08
-3.1674551908208488e+10
-3.6146709946675705e+10
8.8006314736370583e+09
-1.6038810057724464e+10
-3.9938809497368362e+10
-9.7581425262872124e+09
-1.5991367533283482e+10
-1.6564037777118610e+10
-8.5247827893498793e+09
-3.9783460334768057e+08
-9.2524081600901508e+09
-2.5719491730726686e+09
5.6280525030524182e+08
2.2988568190989113e+08
3.3662498504859104e+10
1.9282631810649776e+08
-9.0097762374963665e+09
-3.5192684274504119e+08
2.4917215762159038e+09
9.5013323920027313e+09
-1.2972862069672925e+09
-2.8405151969832783e+09
8.5309663236738949e+09
-2.3917666333474388e+09
-4.0683794764437509e+08
-5.6280525030525303e+08
4.4609825057578444e+08
-3.1674551908208496e+10
1.9282631810650063e+08
3.4023795992506844e+10
1.5650780596436516e+10
2.6323988546713896e+09
-3.6735885346502981e+09
1.6433571005115219e+10
-2.6783296141796751e+09
-4.5336388973981171e+09
-4.0979969334322393e+08
4.1590969170703721e+08
7.8690283769245005e+08
1.0000000000000000e+00
-1.5945238142336450e+11
8.3647443580908108e+08
-3.9606202789648987e+10
-6.8432486620914429e+10
5.0192127885388733e+11
-4.5343603011445007e+09
-5.1159231587442528e+10
7.2549752387803452e+10
-5.0085908356136032e+10
7.3252582377067535e+10
-1.5477396499663406e+11
-2.1899953098415012e+09
-4.6843589700661240e+10
-7.1481966968779602e+10
8.3647443580905533e+08
2.2340266005228086e+09
-6.8432486620914429e+10
-1.3136593234839764e+11
-4.5343603011445007e+09
5.2805632612427771e+11
7.2549752387803375e+10
-1.3927452065830646e+11
7.3252582377067520e+10
-1.3121783931064537e+11
-2.1899953098415103e+09
5.0863721084255819e+09
-7.1481966968779587e+10
-1.3351843251587669e+11
-3.3966928511107773e+10
1.7417016761253998e+10
-2.6097045264541078e+08
-3.6938424258219963e+10
9.1743831315723343e+09
1.6156493661072540e+10
2.2252602576688757e+11
1.7385132792087555e+08
8.9955350687332726e+08
-4.1143094620995163e+10
9.1967199898767719e+09
-1.6424053675708855e+10
-3.9170562767514511e+10
-1.0291406094241459e+10
1.5627187068663280e+10
-3.2339912043748726e+10
-1.6609386768023661e+10
-1.6477099484184575e+08
-3.8967103565301392e+10
-9.0611783483588486e+09
-1.5833439113413057e+10
-1.7364939953803020e+10
-4.8397989537309933e+09
-8.7299340518772602e+06
-8.6544365638112602e+09
-3.3997021379800487e+08
-2.5273857127990046e+09
1.7385132792087364e+08
6.6392941497971191e+10
-2.4502145267005539e+08
-9.5892556954439507e+09
-1.5163206481283147e+09
2.7388629516268163e+09
9.3073636921355476e+09
-1.0583820029348233e+09
2.9118936180869136e+09
1.6809402298835655e+10
-4.7569160699838638e+09
-1.2842339202477354e+08
9.3180148941661491e+09
-1.0716004042246711e+09
-2.7411960781680117e+09
-3.6396491834811878e+08
2.2636787628404909e+08
1.4280899892655010e+09
-1.6134439794786682e+10
-2.3638261139833961e+09
-3.9355178700356741e+09
8.9955350687333107e+08
-2.4502145267005444e+08
6.7902330726228676e+10
1.6147430014723461e+10
2.9072355977159472e+09
-5.1495937074206944e+09
-1.6363279383796947e+10
2.4648038899434829e+09
-4.3824407744402885e+09
1.2101261723169434e+08
-1.4446719506169754e+08
1.6962576023705859e+09
1.5693687958103260e+10
-2.8450926022283201e+09
-4.7491727607975788e+09
1.0000000000000000e+00
-4.2480986617056435e+10
-7.0408105442680313e+10
-1.5996044101622354e+11
2.1055250485855522e+09
-5.1159231587442520e+10
7.2549752387803375e+10
5.0460779479909033e+11
-6.4880858865121384e+09
-4.7392060910392395e+10
7.1538325344753540e+10
-1.5962529564080859e+11
2.0048176179566536e+09
-4.3989779027166801e+10
-7.1302229069906723e+10
-7.0408105442680298e+10
-1.2794369975036258e+11
2.1055250485855575e+09
1.8538069434906826e+09
7.2549752387803406e+10
-1.3927452065830646e+11
-6.4880858865121803e+09
5.2453790081314020e+11
7.1538325344753571e+10
-1.3470975848473157e+11
2.0048176179566517e+09
2.0792594412181516e+09
-7.1302229069906754e+10
-1.2654298830444838e+11
-3.6820148289257202e+10
9.0519051114473953e+09
1.5557533489328243e+10
-3.4158840694726257e+10
1.7321315112811974e+10
-5.7726044163176179e+07
-4.1143094620995163e+10
-9.5892556954439545e+09
1.6147430014723461e+10
2.2234629226190164e+11
2.8607598968707848e+08
-3.0521033468979073e+08
-3.9342985671786026e+10
9.2868179996358414e+09
-1.6238491324936539e+10
-3.4037723870281887e+10
-1.7070230942431850e+10
3.6312443874786186e+08
-3.6843499114855133e+10
-9.2866275757065048e+09
-1.5466660239010107e+10
-9.0445062785559616e+09
-5.7186138076903212e+08
-2.6762187308342156e+09
-1.7379294746437546e+10
-4.9621980246230335e+09
1.5836475305977917e+08
9.1967199898767700e+09
-1.5163206481283147e+09
2.9072355977159476e+09
2.8607598968708038e+08
6.6337940681501053e+10
-3.6348221400800228e+08
-9.2195507312710037e+09
-1.0883252919258723e+09
2.7160857345079088e+09
1.7144793812826664e+10
-5.1415735269718637e+09
3.7492563873446167e+07
9.0157619638740044e+09
-6.5447719067048967e+08
-2.7794777043148556e+09
-1.5423130732448532e+10
-2.7000487940870943e+09
-4.1629880025113268e+09
2.2885590889223361e+08
9.4454181675586522e+07
1.3790060138598394e+09
-1.6424053675708855e+10
2.7388629516268125e+09
-5.1495937074206953e+09
-3.0521033468978596e+08
-3.6348221400800896e+08
6.7493603045133919e+10
1.6241301914652002e+10
2.6945774720889349e+09
-4.5213685177525711e+09
1.0068507198196220e+08
2.0848948392001563e+08
1.3717089505810163e+09
1.5581551847320982e+10
-2.6728530812162519e+09
-4.0071831634777436e+09
1.0000000000000000e+00
-4.4896509434699051e+10
-7.1323201177481293e+10
-8.0220173782998398e+10
-2.1999051726288662e+09
-4.7392060910392395e+10
7.1538325344753540e+10
2.5242296365951199e+11
-1.6634447516497498e+09
-7.9914219531422165e+10
3.6482257570063295e+09
-7.1323201177481232e+10
-1.2896977772830841e+11
3.2946003218766360e+09
7.9407241383816326e+08
7.1538325344753540e+10
-1.3470975848473157e+11
-1.6634447516497803e+09
2.6190885712933566e+11
-1.8462797374991579e+09
9.7660666986616492e+08
-3.7563704016699142e+10
9.1678887315374012e+09
1.5809586258116699e+10
-1.7159960172349434e+10
8.7274498422921524e+09
2.4249760686439705e+08
-3.9342985671786026e+10
-9.2195507312710037e+09
1.6241301914652000e+10
1.1112107239265224e+11
6.9636475238073349e+07
3.1436547061532188e+10
-1.7054422531817646e+10
-8.7454243177966366e+09
3.7263126139881647e+08
-9.2588914444760323e+09
-7.5186744202766573e+08
-2.6748531370318346e+09
-8.7712813343367100e+09
-2.4467768817095380e+09
-4.2571337501930785e+08
9.2868179996358414e+09
-1.0883252919258728e+09
2.6945774720889301e+09
6.9636475238073349e+07
3.3395539129146473e+10
-9.3123151030629158e+07
8.6737183039388256e+09
-2.4369059213884878e+09
4.9911219099284571e+08
-1.5760291911570248e+10
-2.7127257101381493e+09
-4.1162539880064921e+09
3.2436583383806145e+08
4.8732333532777053e+08
6.8274649728643680e+08
-1.6238491324936541e+10
2.7160857345079093e+09
-4.5213685177525692e+09
3.1436547061532196e+10
-9.3123151030632973e+07
3.3925896103067142e+10
2.3787034113653469e+08
-3.9756020866689956e+08
7.0064349750036538e+08
1.0000000000000000e+00
-4.4411559168432892e+10
-7.1428571428571426e+10
-1.6430213852397314e+11
-4.7775604239427185e+08
-4.0264308482521317e+10
6.9529744698387634e+10
5.0698111507277161e+11
4.8969585216953497e+09
-4.2753841784406677e+10
6.9663248921840637e+10
-1.5894671345420233e+11
2.8923508095827980e+09
-5.6302553659235313e+10
-7.5075975480540710e+10
-7.1428571428571411e+10
-1.2689016905266534e+11
-4.7775604239426708e+08
-8.0146612212812042e+08
6.9529744698387634e+10
-1.2704332041352051e+11
4.8969585216953449e+09
5.2210050470644427e+11
6.9663248921840637e+10
-1.3269368891143259e+11
2.8923508095827923e+09
2.4629330809166570e+09
-7.5075975480540726e+10
-1.3713479328761443e+11
-3.7009632640360725e+10
9.2524081600901680e+09
1.6025641025641050e+10
-3.5670531867984833e+10
1.7984848760416748e+10
-2.4648793970181561e+08
-3.6146709946675705e+10
-9.0097762374963665e+09
1.5650780596436516e+10
2.2233244871773184e+11
1.6829187625907975e+08
8.0450324884027863e+08
-3.7905330705891197e+10
9.1157840016929340e+09
-1.6121681736053112e+10
-3.3808224154722218e+10
-1.7300391523977512e+10
2.1734468767007136e+08
-4.1792019402097160e+10
-1.0211165036985022e+10
-1.6330099882832989e+10
-9.2524081600901508e+09
-6.1682721067269588e+08
-2.6137057387057381e+09
-1.8023120207266670e+10
-5.0192730356323071e+09
-1.3271788992408085e+08
8.8006314736370602e+09
-3.5192684274504060e+08
2.6323988546713891e+09
1.6829187625907752e+08
6.7243676229404289e+10
2.7898348356943280e+08
-8.9800578129531860e+09
-6.5932353902371204e+08
2.5824260657209778e+09
1.7367802809368572e+10
-4.8181885755052509e+09
1.2416089228919399e+08
9.9188600210453091e+09
-1.6973644782787371e+09
-2.8715456676211739e+09
-1.6025641025641056e+10
-2.6137057387057314e+09
-3.6348746343211546e+09
-3.1794717681206036e+08
7.8945278768624365e+07
1.1279137499079432e+09
-1.6038810057724464e+10
2.4917215762159023e+09
-3.6735885346503000e+09
8.0450324884027672e+08
2.7898348356943458e+08
6.8117040351153755e+10
1.5873007256921247e+10
2.5871800720073595e+09
-4.3307608815137253e+09
-6.8474859198910511e+08
-5.0179252473699689e+07
1.4590022502883749e+09
1.6389636346405159e+10
-2.7729454193818841e+09
-4.9839597533183432e+09
1.0000000000000000e+00
-1.5377994364279761e+11
-2.5161738579142704e+09
-3.8016095761173676e+10
-6.8584353953960281e+10
-5.0085908356136032e+10
7.3252582377067505e+10
4.9852508913647083e+11
1.6871694213329163e+09
-4.5352908006243416e+10
6.9806760988249023e+10
-5.8121888047859535e+10
-7.4252876217460693e+10
-1.5316834532226056e+11
6.0689124268578243e+08
-2.5161738579142809e+09
5.7685503210721455e+09
-6.8584353953960312e+10
-1.2663036199854639e+11
7.3252582377067551e+10
-1.3121783931064537e+11
1.6871694213329544e+09
5.3371891637226929e+11
6.9806760988248993e+10
-1.3812129707367279e+11
-7.4252876217460693e+10
-1.4946131968955411e+11
6.0689124268579900e+08
5.9433513790773191e+09
-3.1977770162101200e+10
1.7275834661865166e+10
3.1799299222646689e+08
-3.5571765565371597e+10
8.8346132869509697e+09
1.5885660198195578e+10
-3.9170562767514511e+10
9.3073636921355476e+09
-1.6363279383796944e+10
2.2301568020250558e+11
5.2840639480412292e+08
1.0650053475863934e+09
-3.9639488751833755e+10
-9.2791931567179832e+09
1.6434734654529545e+10
-4.4848223893885666e+10
-9.4041878776419525e+09
-1.7776654232672264e+10
-3.1807869061798851e+10
-1.7262837001395859e+10
4.3654042393124568e+08
-1.7375099508825729e+10
-3.9782321861991343e+09
-4.4380890085994065e+07
-9.1114690103073082e+09
-4.5754436037825018e+07
-2.3614525996945906e+09
-1.0291406094241457e+10
-1.0583820029348228e+09
2.4648038899434786e+09
5.2840639480412292e+08
6.7320406122410248e+10
1.1394316658594322e+08
9.1384344977782917e+09
-9.1654339700353980e+08
2.5677842085138893e+09
1.0262937681491785e+10
-2.1876558363640757e+09
-2.5773742767530484e+09
1.6848196039300293e+10
-4.1614467007432094e+09
-1.6332349850967139e+08
-5.2473188398890901e+08
3.4581703481803536e+07
1.8835892828247972e+09
-1.5980078662246359e+10
-2.4333555956291809e+09
-3.4687994705562468e+09
1.5627187068663282e+10
2.9118936180869126e+09
-4.3824407744402905e+09
1.0650053475863953e+09
1.1394316658594322e+08
6.9211394265726456e+10
-1.7065999829716431e+10
2.4070808343107080e+09
-4.4520577999750881e+09
1.7053273546050173e+10
-2.9633478600639324e+09
-5.6843170431536474e+09
-1.7465558634814993e+08
-7.0795866772258282e+07
1.8650231027016816e+09
1.0000000000000000e+00
-1.5922125918094519e+11
-5.9912053381779099e+08
-4.5449168252978714e+10
-7.0486690117423676e+10
-4.2753841784406662e+10
6.9663248921840607e+10
-4.5352908006243408e+10
6.9806760988249023e+10
5.0003744164467889e+11
2.8145286469878588e+09
-1.5135069564346738e+11
4.1611248139557800e+09
-5.5909568776637589e+10
-7.5359852719791794e+10
-5.9912053381776643e+08
2.3349674190486269e+09
-7.0486690117423706e+10
-1.3551383139133994e+11
6.9663248921840637e+10
-1.3269368891143259e+11
6.9806760988249008e+10
-1.3812129707367279e+11
2.8145286469878578e+09
5.3011955768406177e+11
4.1611248139557419e+09
7.2074870589697819e+09
-7.5359852719791779e+10
-1.3333319478563492e+11
-3.3895186491767784e+10
1.7708226536779182e+10
4.8952322768129516e+08
-3.9096944367599693e+10
9.0927899069859123e+09
1.6237969081676392e+10
-3.7905330705891190e+10
-8.9800578129531841e+09
1.5873007256921249e+10
-3.9639488751833748e+10
9.1384344977782917e+09
-1.7065999829716434e+10
2.2256478380559216e+11
3.5237300996910453e+07
5.0752970619167328e+07
-3.1142051237391460e+10
-1.6580402478180016e+10
5.0192731760347724e+08
-4.0885782251108261e+10
-1.0414227951407076e+10
-1.6087180024785110e+10
-1.7518769640973549e+10
-4.5864823850807810e+09
1.5201801062878126e+08
-9.2451073397527828e+09
-9.3006794896595383e+08
-2.6068095063945789e+09
9.1157840016929340e+09
-6.5932353902371240e+08
2.5871800720073595e+09
-9.2791931567179832e+09
-9.1654339700353885e+08
2.4070808343107109e+09
3.5237300996910214e+07
6.6899841074392525e+10
1.4697324980437565e+08
1.6723879629021832e+10
-4.2590777168396955e+09
1.2472791500605756e+08
1.0168169205732643e+10
-1.4709029245659282e+09
-2.8111705753627081e+09
1.7619449578219712e+08
-1.0005535377019882e+08
1.4758103216186590e+09
-1.6349169336070486e+10
-2.6339293194662485e+09
-4.5142426557783642e+09
-1.6121681736053112e+10
2.5824260657209792e+09
-4.3307608815137262e+09
1.6434734654529543e+10
2.5677842085138879e+09
-4.4520577999750919e+09
5.0752970619169235e+07
1.4697324980438232e+08
6.8579420228228241e+10
-4.8936019456035268e+08
1.3168911645168614e+08
1.9678236781115587e+09
1.6298529145753048e+10
-2.6948879672544909e+09
-4.6485497277783699e+09
1.0000000000000000e+00
-5.1208085619936447e+10
-7.3323154548624573e+10
-1.5894671345420236e+11
2.8923508095827999e+09
5.0410395854977771e+11
1.7593976838519722e+10
-3.5186536131194046e+10
6.6802714788406731e+10
-3.0830764191891766e+10
6.4308684892012321e+10
-7.4216692496842194e+10
-8.1432897415186188e+10
-1.5371516665571094e+11
3.1583246352892084e+09
-7.3323154548624573e+10
-1.3365154691073996e+11
2.8923508095827994e+09
2.4629330809166331e+09
1.7593976838519688e+10
5.2944546231093134e+11
6.6802714788406754e+10
-1.2856329522899489e+11
6.4308684892012314e+10
-1.3011047640455231e+11
-8.1432897415186157e+10
-1.4534940830204633e+11
3.1583246352891674e+09
5.7663314544855661e+09
-3.9938809497368355e+10
9.5013323920027313e+09
1.6433571005115217e+10
-3.3808224154722218e+10
1.7367802809368580e+10
-6.8474859198910415e+08
2.2329771438348648e+11
1.1697201268548355e+09
7.3959974913787079e+08
-3.5378049985226013e+10
-8.8290331422894020e+09
1.4514313237779234e+10
-3.4771255684416931e+10
7.4423551169298820e+09
-1.5546224810735481e+10
-4.7437120542969742e+10
-1.0803008509581593e+10
-1.6240889988383362e+10
-3.1964254518783272e+10
-1.5849168793285021e+10
7.8437939907562900e+08
-9.7581425262872124e+09
-1.2972862069672914e+09
-2.6783296141796751e+09
-1.7300391523977516e+10
-4.8181885755052500e+09
-5.0179252473699808e+07
1.1697201268548336e+09
6.5489886682203880e+10
1.0402413348959351e+09
7.6589306512841520e+09
-2.3017009273952955e+08
2.9403388031366205e+09
-8.3170661429647808e+09
5.5588927103997827e+07
2.3194543004762912e+09
1.0590754043155285e+10
-3.4488458360031323e+09
-3.4661526961623974e+09
1.5956195371935238e+10
-5.3686465526015778e+09
-1.0537287569307792e+08
-1.5991367533283482e+10
-2.8405151969832792e+09
-4.5336388973981180e+09
2.1734468767007327e+08
1.2416089228919274e+08
1.4590022502883730e+09
7.3959974913787174e+08
1.0402413348959341e+09
6.6960051617617523e+10
-1.5574065440716413e+10
2.3817379921097965e+09
-4.4000813970980005e+09
1.4843953863141006e+10
2.7233015609038796e+09
-4.3217425009367590e+09
1.6406726996325827e+10
-3.3786707327983665e+09
-6.4477671344605169e+09
-6.4219232227488303e+08
-5.0255850417164683e+07
1.6665144074786041e+09
1.0000000000000000e+00
-7.8535498833247650e+10
2.8272479203658085e+09
-3.5186536131194046e+10
6.6802714788406761e+10
2.4619712067324725e+11
1.2701517414689268e+10
-6.5517883660264366e+10
-5.8485134240458202e+09
-6.6957202048541176e+10
-7.6482966699416046e+10
-2.6672575741396847e+09
1.8676668362986031e+09
6.6802714788406754e+10
-1.2856329522899486e+11
1.2701517414689270e+10
2.7548539809407190e+11
-3.5400792954031181e+08
1.0424365521426682e+10
-7.6482966699416031e+10
-1.5921413522280228e+11
-1.6564037777118610e+10
8.5309663236738958e+09
-4.0979969334322393e+08
-3.5378049985226006e+10
7.6589306512841511e+09
-1.5574065440716412e+10
1.1270918615343314e+11
5.2415646499520481e+08
-3.0313353347581593e+10
-1.1902920585551357e+10
-6.8934938569556713e+09
-1.4799149898696327e+09
-4.8864177805537170e+10
-9.8205595829975758e+09
-1.6325430631053225e+10
-8.5247827893498793e+09
-2.3917666333474388e+09
4.1590969170703691e+08
-8.8290331422894039e+09
-2.3017009273952788e+08
2.3817379921097960e+09
5.2415646499520540e+08
3.2110339524961441e+10
7.3437936615973258e+08
6.7212282457178526e+09
-1.9670916001368723e+09
-2.7982164205144405e+08
1.0108431220926226e+10
-3.2553402260403519e+09
-3.2522054079251227e+09
-3.9783460334768081e+08
-4.0683794764437431e+08
7.8690283769244874e+08
1.4514313237779232e+10
2.9403388031366215e+09
-4.4000813970979996e+09
-3.0313353347581596e+10
7.3437936615973270e+08
3.3807363357922066e+10
-1.0160512134262258e+09
-9.0198467676889539e+07
1.5714397269729733e+09
1.7212925926576267e+10
-3.1776817539750910e+09
-7.4996535527922421e+09
1.0000000000000000e+00
-6.5517883660264389e+10
-3.5400792954032135e+08
2.4001977842308438e+11
2.6973617023096710e+10
-3.0881460850724129e+10
6.8421142110260208e+10
-8.6062114549151779e+10
-7.7113463991911545e+10
-5.7558319362944122e+10
-1.7927287211905045e+10
-5.8485134240458040e+09
1.0424365521426693e+10
2.6973617023096687e+10
3.0954743987789203e+11
6.8421142110260231e+10
-1.1391326833129324e+11
-7.7113463991911575e+10
-2.1694874163525635e+11
-1.2432781717399555e+10
1.0890204567230854e+10
-1.1902920585551357e+10
6.7212282457178526e+09
-1.0160512134262260e+09
1.1873365827490231e+11
1.7263765361886597e+08
-2.8550517145538864e+10
-3.1282811860312389e+10
6.1872477878135757e+09
-1.3202955087932226e+10
-6.5465308434902985e+10
-6.8036073326257477e+09
-1.8596319005773315e+10
-1.0082617394135586e+10
-6.2775063545245457e+09
-2.7367216498934574e+09
-6.8934938569556713e+09
-1.9670916001368732e+09
-9.0198467676889658e+07
1.7263765361886597e+08
3.0564761445594673e+10
1.7338574196288395e+09
-9.1120180313803596e+09
-6.6081085260775447e+07
2.6910242924931002e+09
1.0269622118031401e+10
-6.4303345220507231e+09
-3.4480598363768449e+09
5.5632521166857662e+09
-1.7405708325711067e+09
-8.8662340806820583e+08
-1.4799149898696325e+09
-2.7982164205144334e+08
1.5714397269729743e+09
-2.8550517145538868e+10
1.7338574196288385e+09
3.4673987150426254e+10
1.1771456026201059e+10
3.7694436201198225e+09
-4.6371008379086800e+09
1.8725179783618713e+10
-4.2613694936252384e+09
-1.2834929411581882e+10
-4.6620367441127563e+08
-9.6210990407198012e+08
1.5872867776665342e+09
1.0000000000000000e+00
-1.5477396499663406e+11
-2.1899953098414936e+09
-5.8121888047859543e+10
-7.4252876217460693e+10
5.0318689821304077e+11
1.2791786433928612e+10
-4.7176552352948959e+10
7.1554833496670807e+10
-3.4114942831989738e+10
6.8859116127405777e+10
-1.6082061072951111e+11
-5.1344430586671152e+09
-4.8178939254097275e+10
-7.1628421472035904e+10
-2.1899953098415008e+09
5.0863721084256077e+09
-7.4252876217460663e+10
-1.4946131968955417e+11
1.2791786433928619e+10
5.2882245383450836e+11
7.1554833496670807e+10
-1.3392460297539880e+11
6.8859116127405762e+10
-1.1506755707074399e+11
-5.1344430586670933e+09
1.0093730129961673e+09
-7.1628421472035934e+10
-1.3646471922023315e+11
-3.2339912043748741e+10
1.6809402298835659e+10
1.2101261723169696e+08
-4.4848223893885666e+10
1.0262937681491785e+10
1.7053273546050175e+10
2.2296498346706305e+11
-7.6068341254922104e+08
7.2806285308306217e+08
-3.9126792817852890e+10
9.1279634750756855e+09
-1.5841829046945557e+10
-3.2230787016022720e+10
-8.8938846648065033e+09
1.4926341373996199e+10
-3.4527119259740891e+10
-1.7524419931369202e+10
-6.4999365323218179e+08
-3.9892148435812134e+10
-9.0213154466782246e+09
-1.6336867690183409e+10
-1.6609386768023664e+10
-4.7569160699838619e+09
-1.4446719506169665e+08
-9.4041878776419525e+09
-2.1876558363640747e+09
-2.9633478600639315e+09
-7.6068341254921532e+08
6.6638191445509644e+10
6.9791580989942169e+08
-9.2817895058889656e+09
-1.1007714523234997e+09
2.7645451029298382e+09
8.7489619962581654e+09
4.7476860923528421e+08
2.4916863638069835e+09
1.7819909472051514e+10
-4.8019418952647820e+09
-1.9578399412046218e+08
9.4871760957941246e+09
-1.2133496199355228e+09
-2.6505482273901525e+09
-1.6477099484184587e+08
-1.2842339202477404e+08
1.6962576023705869e+09
-1.7776654232672264e+10
-2.5773742767530489e+09
-5.6843170431536474e+09
7.2806285308306122e+08
6.9791580989942455e+08
6.8109989492986168e+10
1.5878980277015741e+10
2.8043882700224428e+09
-4.7294119609061556e+09
-1.4699790189541607e+10
2.4928939750763035e+09
-2.8598646887124405e+09
-3.9863606668531895e+06
-4.4136039061088294e+08
1.3218569678497956e+09
1.6038158647623768e+10
-2.8480399956094656e+09
-4.8021851895611105e+09
1.0000000000000000e+00
-4.6843589700661255e+10
-7.1481966968779572e+10
-1.5962529564080856e+11
2.0048176179566469e+09
-4.7176552352948967e+10
7.1554833496670776e+10
5.0462135914476691e+11
-4.5340247807653618e+09
-4.8613429107691666e+10
7.1566069280111450e+10
-1.6010835927204999e+11
2.0287727667763634e+09
-4.2254133070606491e+10
-7.1138501411970306e+10
-7.1481966968779602e+10
-1.3351843251587665e+11
2.0048176179566631e+09
2.0792594412181325e+09
7.1554833496670807e+10
-1.3392460297539879e+11
-4.5340247807653770e+09
5.2446490057286414e+11
7.1566069280111481e+10
-1.3803443185245459e+11
2.0287727667763486e+09
1.6797980963639910e+09
-7.1138501411970322e+10
-1.2274649076671622e+11
-3.8967103565301392e+10
9.3180148941661491e+09
1.5693687958103264e+10
-3.4037723870281887e+10
1.7144793812826664e+10
1.0068507198196244e+08
-3.9126792817852890e+10
-9.2817895058889694e+09
1.5878980277015743e+10
2.2233345117356219e+11
-1.9543415472021294e+08
-3.9232420396010399e+08
-4.0325155145710602e+10
9.3209909582210407e+09
-1.6410735003886477e+10
-3.4228392846598835e+10
-1.7061712725895487e+10
2.1928962657130742e+08
-3.5648282927816620e+10
-9.2448632787091808e+09
-1.5089583725825691e+10
-9.0611783483588486e+09
-1.0716004042246704e+09
-2.8450926022283182e+09
-1.7070230942431850e+10
-5.1415735269718628e+09
2.0848948392001599e+08
9.1279634750756836e+09
-1.1007714523234987e+09
2.8043882700224419e+09
-1.9543415472020721e+08
6.6101616283139771e+10
-2.6040463848022747e+08
-9.0680021607203293e+09
-1.3009565309538817e+09
2.7859694929623532e+09
1.7301476524954765e+10
-5.1510137851769123e+09
9.5931297378621995e+07
8.9654056062007847e+09
-4.3497933753714371e+08
-2.7892813035748854e+09
-1.5833439113413052e+10
-2.7411960781680117e+09
-4.7491727607975769e+09
3.6312443874786377e+08
3.7492563873443067e+07
1.3717089505810149e+09
-1.5841829046945559e+10
2.7645451029298339e+09
-4.7294119609061546e+09
-3.9232420396010017e+08
-2.6040463848022652e+08
6.7261344689744385e+10
1.6468807309532125e+10
2.6970435209544992e+09
-4.8009532539780617e+09
-1.6741616449160576e+06
1.7559297392704272e+08
1.3353745175306258e+09
1.5237334777683641e+10
-2.6730734450365825e+09
-3.7881689362224131e+09
1.0000000000000000e+00
-4.3989779027166809e+10
-7.1302229069906723e+10
-7.9914219531422150e+10
-1.8462797374991589e+09
-4.8613429107691635e+10
7.1566069280111450e+10
2.5208330610878769e+11
-3.2345139570996857e+09
-7.9565878442507065e+10
4.8169534843941126e+09
-7.1302229069906738e+10
-1.2654298830444841e+11
3.6482257570063152e+09
9.7660666986616135e+08
7.1566069280111481e+10
-1.3803443185245462e+11
-3.2345139570996704e+09
2.6247430999665262e+11
-6.7755201011138344e+08
1.1265034903841972e+09
-3.6843499114855125e+10
9.0157619638740044e+09
1.5581551847320980e+10
-1.7054422531817646e+10
8.6737183039388256e+09
2.3787034113653445e+08
-4.0325155145710602e+10
-9.0680021607203293e+09
1.6468807309532127e+10
1.1116985533142227e+11
1.2663252084177017e+08
3.1330700290314095e+10
-1.6946778539038877e+10
-8.7481106279342899e+09
4.8363431426037049e+08
-9.2866275757065048e+09
-6.5447719067049050e+08
-2.6728530812162485e+09
-8.7454243177966347e+09
-2.4369059213884864e+09
-3.9756020866690111e+08
9.3209909582210407e+09
-1.3009565309538815e+09
2.6970435209544992e+09
1.2663252084176826e+08
3.3299313230286427e+10
-1.8292984153911114e+08
8.5844284144403305e+09
-2.4262568429096556e+09
5.5629961046775627e+08
-1.5466660239010101e+10
-2.7794777043148580e+09
-4.0071831634777479e+09
3.7263126139881599e+08
4.9911219099284285e+08
7.0064349750036502e+08
-1.6410735003886475e+10
2.7859694929623537e+09
-4.8009532539780617e+09
3.1330700290314091e+10
-1.8292984153910542e+08
3.3872465764564785e+10
1.7406369118367147e+08
-3.2267413810122997e+08
7.1574389975458050e+08
1.0000000000000000e+00
-5.6302553659235275e+10
-7.5075975480540695e+10
-1.5135069564346738e+11
4.1611248139557247e+09
-3.0830764191891766e+10
6.4308684892012344e+10
5.0979338833626776e+11
-3.1332465515581989e+09
-5.2257199752310532e+10
7.1790722565359741e+10
-1.7319922860919443e+11
1.0972118666074015e+10
-4.5852946480168381e+10
-7.3023428905302933e+10
-7.5075975480540710e+10
-1.3713479328761436e+11
4.1611248139557633e+09
7.2074870589697628e+09
6.4308684892012329e+10
-1.3011047640455234e+11
-3.1332465515582438e+09
5.2357441546622852e+11
7.1790722565359772e+10
-1.4662759414202197e+11
1.0972118666074030e+10
-7.3434866430558805e+09
-7.3023428905302948e+10
-1.0956555204795369e+11
-4.1792019402097153e+10
9.9188600210453072e+09
1.6389636346405159e+10
-3.1142051237391464e+10
1.6723879629021832e+10
-4.8936019456035578e+08
-3.4771255684416939e+10
-8.3170661429647846e+09
1.4843953863141006e+10
2.2325847613016888e+11
-1.9108655957365632e+08
-1.2136682806271858e+09
-4.2968936952479218e+10
1.0161644821926500e+10
-1.6960686341610878e+10
-3.9006142184128143e+10
-1.8252721972415516e+10
3.0722379953852968e+09
-3.3578070669655994e+10
-1.0043509797039696e+10
-1.5642113388133057e+10
-1.0211165036985020e+10
-1.6973644782787366e+09
-2.7729454193818827e+09
-1.6580402478180019e+10
-4.2590777168396969e+09
1.3168911645168602e+08
7.4423551169298801e+09
5.5588927103999019e+07
2.7233015609038801e+09
-1.9108655957365370e+08
6.7497521679473267e+10
-8.8025652986584082e+07
-9.1517391705232735e+09
-1.5827621753359942e+09
2.7693625346679192e+09
1.8977334465753067e+10
-5.8763365390056190e+09
-3.1944806625928885e+08
9.7147036625790138e+09
-9.3061289739533246e+07
-2.4439340733957367e+09
-1.6330099882832987e+10
-2.8715456676211739e+09
-4.9839597533183413e+09
5.0192731760347688e+08
1.2472791500605807e+08
1.9678236781115584e+09
-1.5546224810735483e+10
2.3194543004762883e+09
-4.3217425009367638e+09
-1.2136682806271858e+09
-8.8025652986588180e+07
6.8325048750729904e+10
1.8011257914251190e+10
2.2642330519665623e+09
-5.1109099480354824e+09
-5.1082699313751481e+07
8.0403833457501793e+08
4.1640908279871243e+08
1.4627890441654739e+10
-2.5528822814161754e+09
-2.2481609019718986e+09
1.0000000000000000e+00
-1.5316834532226050e+11
6.0689124268578529e+08
-5.5909568776637581e+10
-7.5359852719791809e+10
-3.4114942831989761e+10
6.8859116127405762e+10
-5.2257199752310539e+10
7.1790722565359756e+10
4.9790701021442773e+11
8.3272414638624268e+09
-5.0096098542092880e+10
-6.9529855535561218e+10
-1.5236085498913654e+11
-4.6942631439606771e+09
6.0689124268577290e+08
5.9433513790773296e+09
-7.5359852719791779e+10
-1.3333319478563490e+11
6.8859116127405762e+10
-1.1506755707074400e+11
7.1790722565359756e+10
-1.4662759414202194e+11
8.3272414638623924e+09
5.3568157221709448e+11
-6.9529855535561249e+10
-1.5229022556516809e+11
-4.6942631439606638e+09
5.6936479673970623e+09
-3.1807869061798851e+10
1.6848196039300293e+10
-1.7465558634814897e+08
-4.0885782251108269e+10
1.0168169205732645e+10
1.6298529145753050e+10
-3.2230787016022717e+10
8.7489619962581673e+09
-1.4699790189541607e+10
-4.2968936952479218e+10
-9.1517391705232735e+09
1.8011257914251190e+10
2.2330617521668689e+11
-1.0649492021636963e+06
-7.8966069208625412e+08
-4.3725440393544022e+10
-8.9145039751547661e+09
-1.7783053163048561e+10
-3.1687359541733814e+10
-1.7698019146410950e+10
-8.6262742897969890e+08
-1.7262837001395863e+10
-4.1614467007432079e+09
-7.0795866772257745e+07
-1.0414227951407078e+10
-1.4709029245659275e+09
-2.6948879672544899e+09
-8.8938846648065033e+09
4.7476860923528385e+08
2.4928939750763035e+09
1.0161644821926502e+10
-1.5827621753359957e+09
2.2642330519665623e+09
-1.0649492021636963e+06
6.7509183678020020e+10
4.4747813572363377e+08
9.4078404433036671e+09
-1.6513893175349050e+09
-2.4138978134591298e+09
1.7002529301581442e+10
-3.7589572186280446e+09
-2.5023515280617714e+07
4.3654042393124628e+08
-1.6332349850967175e+08
1.8650231027016826e+09
-1.6087180024785109e+10
-2.8111705753627095e+09
-4.6485497277783699e+09
1.4926341373996199e+10
2.4916863638069830e+09
-2.8598646887124424e+09
-1.6960686341610880e+10
2.7693625346679220e+09
-5.1109099480354786e+09
-7.8966069208625221e+08
4.4747813572363281e+08
6.9532073366868454e+10
1.8143350017021038e+10
-2.5121083536118212e+09
-5.3349793871956339e+09
3.3129524353376102e+08
-2.2192460671433812e+08
1.9157012325989993e+09
1.0000000000000000e+00
-7.4216692496842224e+10
-8.1432897415186172e+10
-1.7319922860919440e+11
1.0972118666074022e+10
5.0794327266551123e+11
3.1267614782483223e+10
-3.9885543805013382e+10
6.4957511104035141e+10
-5.1818406534456310e+09
5.5040369575076126e+10
-8.9485757451717773e+10
-8.2480780532984863e+10
-1.2597420964929778e+11
1.6760638205024986e+09
-8.1432897415186157e+10
-1.4534940830204633e+11
1.0972118666074062e+10
-7.3434866430558929e+09
3.1267614782483177e+10
5.4800073052733508e+11
6.4957511104035156e+10
-1.4999868302715387e+11
5.5040369575076118e+10
-1.1241075859416348e+11
-8.2480780532984833e+10
-1.5655614970734277e+11
1.6760638205024798e+09
2.3657755746427242e+10
-4.7437120542969742e+10
1.0590754043155283e+10
1.6406726996325827e+10
-3.9006142184128143e+10
1.8977334465753059e+10
-5.1082699313748859e+07
2.2813605007252850e+11
-2.3066357276136284e+09
-1.9568390804932890e+09
-4.1024369994604034e+10
-6.9064559637747831e+09
1.7815295317373207e+10
-2.5405808479421715e+10
4.9090970651515236e+09
-1.4683532618460930e+10
-5.3157202163994560e+10
-1.0300222986856409e+10
-1.7343874051641216e+10
-2.2105406707410301e+10
-1.4963870895815054e+10
-1.8669386378986979e+08
-1.0803008509581594e+10
-3.4488458360031328e+09
-3.3786707327983637e+09
-1.8252721972415512e+10
-5.8763365390056162e+09
8.0403833457501674e+08
-2.3066357276136265e+09
6.7726333854161240e+10
1.7336628917812915e+09
1.0308730431956053e+10
-8.8919365736583900e+08
1.6102095226541600e+09
-6.7936691433568258e+09
2.1122581007609649e+09
1.7695389285658312e+09
1.3510703262561869e+10
-4.6649436379497185e+09
-2.7183751584781361e+09
1.4336601658449636e+10
-1.9116220192465186e+09
1.7959621370019692e+08
-1.6240889988383362e+10
-3.4661526961623969e+09
-6.4477671344605122e+09
3.0722379953852978e+09
-3.1944806625928694e+08
4.1640908279871029e+08
-1.9568390804932890e+09
1.7336628917812905e+09
6.9747262270130142e+10
-1.6383503205868317e+10
2.9266156327092724e+09
-5.4539902272715645e+09
1.3434802763607990e+10
2.6578138668223715e+09
-2.0648818502507305e+09
1.8664298746872635e+10
-3.3750136012100630e+09
-6.9221708468658466e+09
-5.9010723112096071e+08
-1.5747802768118918e+08
3.7727889712711868e+09
1.0000000000000000e+00
-1.5371516665571094e+11
3.1583246352891369e+09
-6.6957202048541153e+10
-7.6482966699415985e+10
-3.0881460850724140e+10
6.8421142110260231e+10
-3.9885543805013397e+10
6.4957511104035194e+10
5.1746619026015045e+11
1.7100680490725546e+09
-1.8117111394352216e+11
1.2373230832703548e+10
-4.4855702956638680e+10
-7.4137310031944656e+10
3.1583246352891822e+09
5.7663314544855499e+09
-7.6482966699416016e+10
-1.5921413522280231e+11
6.8421142110260208e+10
-1.1391326833129320e+11
6.4957511104035172e+10
-1.4999868302715390e+11
1.7100680490725679e+09
5.3008542592483044e+11
1.2373230832703547e+10
-2.0330554530887035e+10
-7.4137310031944656e+10
-9.2395116267179550e+10
-3.1964254518783264e+10
1.5956195371935238e+10
-6.4219232227488327e+08
-4.8864177805537163e+10
1.0108431220926228e+10
1.7212925926576267e+10
-3.1282811860312386e+10
-9.1120180313803577e+09
1.1771456026201059e+10
-4.1024369994604042e+10
1.0308730431956053e+10
-1.6383503205868319e+10
2.2632288003996497e+11
-1.5473115757582903e+07
-2.8243864832155190e+09
-4.3534311090150124e+10
-1.5732125595710453e+10
3.1299694960450792e+09
-2.9652954770578014e+10
-1.1513740281969112e+10
-1.2264269437463694e+10
-1.5849168793285023e+10
-5.3686465526015797e+09
-5.0255850417166948e+07
-9.8205595829975758e+09
-3.2553402260403519e+09
-3.1776817539750891e+09
6.1872477878135748e+09
-6.6081085260775566e+07
3.7694436201198230e+09
-6.9064559637747850e+09
-8.8919365736583948e+08
2.9266156327092748e+09
-1.5473115757578850e+07
6.4901870417892204e+10
2.3301338324222255e+08
1.8527123688932922e+10
-8.5536251633362913e+09
-1.1998969625644374e+08
7.8772859790684681e+09
4.9534792379333973e+07
-3.5811453354226236e+09
7.8437939907562852e+08
-1.0537287569308001e+08
1.6665144074786034e+09
-1.6325430631053225e+10
-3.2522054079251251e+09
-7.4996535527922440e+09
-1.3202955087932228e+10
2.6910242924931011e+09
-4.6371008379086781e+09
1.7815295317373203e+10
1.6102095226541631e+09
-5.4539902272715664e+09
-2.8243864832155075e+09
2.3301338324222875e+08
6.5799011998167778e+10
2.1820192437503517e+08
1.0079988992010332e+09
-1.0592666999359455e+09
1.3534895561377094e+10
-2.1846678139723186e+09
-1.9969965620712478e+09
1.0000000000000000e+00
-8.6062114549151764e+10
-7.7113463991911560e+10
-1.8117111394352213e+11
1.2373230832703545e+10
5.4441196557549866e+11
4.5997241823840866e+10
-7.3446015675470459e+10
7.1428571428571381e+10
-2.4904901023673702e+10
2.8292702030409378e+10
-1.7882782038368060e+11
-8.0978282123613586e+10
-7.7113463991911591e+10
-2.1694874163525638e+11
1.2373230832703554e+10
-2.0330554530887039e+10
4.5997241823840843e+10
5.6204749355345764e+11
7.1428571428571396e+10
-6.9263613103801300e+10
2.8292702030409378e+10
-1.7052794116186539e+11
-8.0978282123613571e+10
-8.4976643121647552e+10
-6.5465308434902992e+10
1.0269622118031399e+10
1.8725179783618717e+10
-4.3534311090150131e+10
1.8527123688932922e+10
2.1820192437503672e+08
2.3904988314514490e+11
-1.8597201953446522e+09
-6.7729953874140930e+08
-3.0832327205398220e+10
-1.1416291793298595e+10
1.1338062820833515e+10
-4.2223144916628822e+10
3.5521052954739394e+09
-1.9042223474014301e+10
-5.6994791498064728e+10
-1.9072839113795006e+10
-1.0561921516071541e+10
-6.8036073326257486e+09
-6.4303345220507221e+09
-4.2613694936252365e+09
-1.5732125595710455e+10
-8.5536251633362913e+09
1.0079988992010329e+09
-1.8597201953446512e+09
6.2413268894923973e+10
2.7584980820137758e+09
1.0251801219035313e+10
-1.9371269064090965e+09
2.9811806647671833e+09
-3.2614685600455232e+09
-1.0407994055757850e+09
1.0698319851564373e+09
1.7405120464691063e+10
-9.1316016889256916e+09
-3.5561401375131893e+09
-1.8596319005773315e+10
-3.4480598363768487e+09
-1.2834929411581882e+10
3.1299694960450792e+09
-1.1998969625644410e+08
-1.0592666999359453e+09
-6.7729953874140930e+08
2.7584980820137720e+09
6.3675194717852676e+10
-9.1569837227691231e+09
3.2860363684746852e+09
-1.9980274149355006e+09
1.5969784607798073e+10
1.1812164720885520e+09
-7.1437790932292337e+09
9.3308481634406948e+09
-3.6577013899437189e+09
-5.3194108895437298e+09
1.0000000000000000e+00
-5.7558319362944138e+10
-1.2432781717399551e+10
-7.3446015675470459e+10
7.1428571428571350e+10
1.2272273599638440e+11
-4.6503644188223366e+10
8.2815990420301781e+09
-1.2492145522948456e+10
-1.7927287211905037e+10
1.0890204567230869e+10
7.1428571428571350e+10
-6.9263613103801270e+10
-4.6503644188223358e+10
1.2418218111342612e+11
-6.9976400284429569e+09
-6.5808772576855713e+10
-1.0082617394135582e+10
5.5632521166857662e+09
-4.6620367441127580e+08
-3.0832327205398228e+10
1.0251801219035313e+10
-9.1569837227691231e+09
5.3343654931131920e+10
1.5770025041149685e+10
-1.5797322961404594e+10
-1.2428710331598114e+10
4.6620367441127729e+08
-6.6307716926970434e+09
-6.2775063545245438e+09
-1.7405708325711076e+09
-9.6210990407198036e+08
-1.1416291793298597e+10
-1.9371269064090941e+09
3.2860363684746823e+09
1.5770025041149685e+10
1.6710774255993256e+10
-6.9715844549365683e+09
1.9237731066734569e+09
1.3787715744919920e+09
-6.9422235134647441e+08
-2.7367216498934584e+09
-8.8662340806820488e+08
1.5872867776665349e+09
1.1338062820833515e+10
2.9811806647671814e+09
-1.9980274149354992e+09
-1.5797322961404594e+10
-6.9715844549365673e+09
1.6814313923710979e+10
7.1959817904645348e+09
-4.6485314364274931e+08
-1.9917251949369755e+09
1.0000000000000000e+00
-1.6082061072951114e+11
-5.1344430586670895e+09
-5.0096098542092896e+10
-6.9529855535561310e+10
5.3873958796368018e+11
1.5415036377038490e+10
-4.1367425575557953e+10
7.0338288971134705e+10
-4.7129212472731033e+10
7.4880931022402740e+10
-2.1061353923971658e+11
-1.7694920594434002e+10
-2.8712701404070557e+10
-6.8275037181913498e+10
-5.1344430586671047e+09
1.0093730129961710e+09
-6.9529855535561264e+10
-1.5229022556516809e+11
1.5415036377038464e+10
5.0912785832485913e+11
7.0338288971134735e+10
-1.2547053928135626e+11
7.4880931022402740e+10
-8.5343805792667969e+10
-1.7694920594434036e+10
-3.5731923306092445e+10
-6.8275037181913506e+10
-1.1130073739257062e+11
-3.4527119259740891e+10
1.7819909472051510e+10
-3.9863606668539047e+06
-4.3725440393544014e+10
9.4078404433036671e+09
1.8143350017021034e+10
2.2639111493888193e+11
1.6763508442290611e+09
9.1787883925716591e+08
-3.6045239320938263e+10
8.7423824838307037e+09
-1.5393901012636774e+10
-2.8620713822771393e+10
-1.0969292755830631e+10
1.1699365614630268e+10
-5.3222785117921692e+10
-1.7580361012518291e+10
-3.2552870691849961e+09
-3.0249817023965687e+10
-9.0968294750660133e+09
-1.2107420028419830e+10
-1.7524419931369202e+10
-4.8019418952647820e+09
-4.4136039061088210e+08
-8.9145039751547661e+09
-1.6513893175349059e+09
-2.5121083536118231e+09
1.6763508442290649e+09
6.7558224160659561e+10
8.2253263637163591e+08
-9.1948723138489380e+09
-4.5493968689140534e+08
2.6170141042877336e+09
7.9608223214841099e+09
-2.5164813540505165e+08
3.7111395490866671e+09
2.0345024237160645e+10
-1.0902555938597696e+10
-3.3235967213685155e+08
5.6515988174990835e+09
8.9804020362470150e+07
-3.8648578733864813e+09
-6.4999365323217964e+08
-1.9578399412046391e+08
1.3218569678497980e+09
-1.7783053163048561e+10
-2.4138978134591322e+09
-5.3349793871956348e+09
9.1787883925716400e+08
8.2253263637163830e+08
6.5730007117699707e+10
1.5219693485361404e+10
2.7916894972282033e+09
-3.9769656316127038e+09
-1.2780185676845558e+10
2.5567897570605373e+09
-1.7232341028299475e+09
1.0267337454304785e+09
-1.0836744003796899e+09
-2.6850012166012149e+09
1.4048926423077248e+10
-2.4776556827010851e+09
-3.7461305399817982e+09
1.0000000000000000e+00
