120	120	1593
0
14
28
49
70
91
92
102
112
127
142
157
158
174
190
214
238
262
263
275
287
305
323
341
342
358
374
398
422
446
447
457
467
482
497
512
513
525
537
555
573
591
592
606
620
641
662
683
684
694
704
719
734
749
750
764
778
799
820
841
842
856
870
891
912
933
934
944
954
969
984
999
1000
1016
1032
1056
1080
1104
1105
1115
1125
1140
1155
1170
1171
1185
1199
1220
1241
1262
1263
1273
1283
1298
1313
1328
1329
1341
1353
1371
1389
1407
1408
1418
1428
1443
1458
1473
1474
1484
1494
1509
1524
1539
1540
1548
1556
1568
1580
1592
1593
300
301
306
307
354
355
360
361
366
367
402
403
408
409
300
301
306
307
354
355
360
361
366
367
402
403
408
409
302
303
304
308
309
310
356
357
358
362
363
364
368
369
370
404
405
406
410
411
412
302
303
304
308
309
310
356
357
358
362
363
364
368
369
370
404
405
406
410
411
412
302
303
304
308
309
310
356
357
358
362
363
364
368
369
370
404
405
406
410
411
412
365
306
307
312
313
360
361
366
367
408
409
306
307
312
313
360
361
366
367
408
409
308
309
310
314
315
316
362
363
364
368
369
370
410
411
412
308
309
310
314
315
316
362
363
364
368
369
370
410
411
412
308
309
310
314
315
316
362
363
364
368
369
370
410
411
412
371
318
319
324
325
330
331
354
355
372
373
378
379
396
397
414
415
318
319
324
325
330
331
354
355
372
373
378
379
396
397
414
415
320
321
322
326
327
328
332
333
334
356
357
358
374
375
376
380
381
382
398
399
400
416
417
418
320
321
322
326
327
328
332
333
334
356
357
358
374
375
376
380
381
382
398
399
400
416
417
418
320
321
322
326
327
328
332
333
334
356
357
358
374
375
376
380
381
382
398
399
400
416
417
418
377
330
331
372
373
378
379
384
385
414
415
420
421
330
331
372
373
378
379
384
385
414
415
420
421
332
333
334
374
375
376
380
381
382
386
387
388
416
417
418
422
423
424
332
333
334
374
375
376
380
381
382
386
387
388
416
417
418
422
423
424
332
333
334
374
375
376
380
381
382
386
387
388
416
417
418
422
423
424
383
330
331
336
337
342
343
378
379
384
385
390
391
420
421
426
427
330
331
336
337
342
343
378
379
384
385
390
391
420
421
426
427
332
333
334
338
339
340
344
345
346
380
381
382
386
387
388
392
393
394
422
423
424
428
429
430
332
333
334
338
339
340
344
345
346
380
381
382
386
387
388
392
393
394
422
423
424
428
429
430
332
333
334
338
339
340
344
345
346
380
381
382
386
387
388
392
393
394
422
423
424
428
429
430
389
342
343
348
349
384
385
390
391
426
427
342
343
348
349
384
385
390
391
426
427
344
345
346
350
351
352
386
387
388
392
393
394
428
429
430
344
345
346
350
351
352
386
387
388
392
393
394
428
429
430
344
345
346
350
351
352
386
387
388
392
393
394
428
429
430
395
354
355
372
373
396
397
402
403
414
415
432
433
354
355
372
373
396
397
402
403
414
415
432
433
356
357
358
374
375
376
398
399
400
404
405
406
416
417
418
434
435
436
356
357
358
374
375
376
398
399
400
404
405
406
416
417
418
434
435
436
356
357
358
374
375
376
398
399
400
404
405
406
416
417
418
434
435
436
401
354
355
360
361
396
397
402
403
408
409
432
433
438
439
354
355
360
361
396
397
402
403
408
409
432
433
438
439
356
357
358
362
363
364
398
399
400
404
405
406
410
411
412
434
435
436
440
441
442
356
357
358
362
363
364
398
399
400
404
405
406
410
411
412
434
435
436
440
441
442
356
357
358
362
363
364
398
399
400
404
405
406
410
411
412
434
435
436
440
441
442
407
360
361
366
367
402
403
408
409
438
439
360
361
366
367
402
403
408
409
438
439
362
363
364
368
369
370
404
405
406
410
411
412
440
441
442
362
363
364
368
369
370
404
405
406
410
411
412
440
441
442
362
363
364
368
369
370
404
405
406
410
411
412
440
441
442
413
372
373
378
379
396
397
414
415
420
421
432
433
444
445
372
373
378
379
396
397
414
415
420
421
432
433
444
445
374
375
376
380
381
382
398
399
400
416
417
418
422
423
424
434
435
436
446
447
448
374
375
376
380
381
382
398
399
400
416
417
418
422
423
424
434
435
436
446
447
448
374
375
376
380
381
382
398
399
400
416
417
418
422
423
424
434
435
436
446
447
448
419
378
379
384
385
414
415
420
421
426
427
444
445
450
451
378
379
384
385
414
415
420
421
426
427
444
445
450
451
380
381
382
386
387
388
416
417
418
422
423
424
428
429
430
446
447
448
452
453
454
380
381
382
386
387
388
416
417
418
422
423
424
428
429
430
446
447
448
452
453
454
380
381
382
386
387
388
416
417
418
422
423
424
428
429
430
446
447
448
452
453
454
425
384
385
390
391
420
421
426
427
450
451
384
385
390
391
420
421
426
427
450
451
386
387
388
392
393
394
422
423
424
428
429
430
452
453
454
386
387
388
392
393
394
422
423
424
428
429
430
452
453
454
386
387
388
392
393
394
422
423
424
428
429
430
452
453
454
431
396
397
402
403
414
415
432
433
438
439
444
445
456
457
462
463
396
397
402
403
414
415
432
433
438
439
444
445
456
457
462
463
398
399
400
404
405
406
416
417
418
434
435
436
440
441
442
446
447
448
458
459
460
464
465
466
398
399
400
404
405
406
416
417
418
434
435
436
440
441
442
446
447
448
458
459
460
464
465
466
398
399
400
404
405
406
416
417
418
434
435
436
440
441
442
446
447
448
458
459
460
464
465
466
437
402
403
408
409
432
433
438
439
462
463
402
403
408
409
432
433
438
439
462
463
404
405
406
410
411
412
434
435
436
440
441
442
464
465
466
404
405
406
410
411
412
434
435
436
440
441
442
464
465
466
404
405
406
410
411
412
434
435
436
440
441
442
464
465
466
443
414
415
420
421
432
433
444
445
450
451
456
457
468
469
414
415
420
421
432
433
444
445
450
451
456
457
468
469
416
417
418
422
423
424
434
435
436
446
447
448
452
453
454
458
459
460
470
471
472
416
417
418
422
423
424
434
435
436
446
447
448
452
453
454
458
459
460
470
471
472
416
417
418
422
423
424
434
435
436
446
447
448
452
453
454
458
459
460
470
471
472
449
420
421
426
427
444
445
450
451
468
469
420
421
426
427
444
445
450
451
468
469
422
423
424
428
429
430
446
447
448
452
453
454
470
471
472
422
423
424
428
429
430
446
447
448
452
453
454
470
471
472
422
423
424
428
429
430
446
447
448
452
453
454
470
471
472
455
432
433
444
445
456
457
462
463
468
469
474
475
432
433
444
445
456
457
462
463
468
469
474
475
434
435
436
446
447
448
458
459
460
464
465
466
470
471
472
476
477
478
434
435
436
446
447
448
458
459
460
464
465
466
470
471
472
476
477
478
434
435
436
446
447
448
458
459
460
464
465
466
470
471
472
476
477
478
461
432
433
438
439
456
457
462
463
474
475
432
433
438
439
456
457
462
463
474
475
434
435
436
440
441
442
458
459
460
464
465
466
476
477
478
434
435
436
440
441
442
458
459
460
464
465
466
476
477
478
434
435
436
440
441
442
458
459
460
464
465
466
476
477
478
467
444
445
450
451
456
457
468
469
474
475
444
445
450
451
456
457
468
469
474
475
446
447
448
452
453
454
458
459
460
470
471
472
476
477
478
446
447
448
452
453
454
458
459
460
470
471
472
476
477
478
446
447
448
452
453
454
458
459
460
470
471
472
476
477
478
473
456
457
462
463
468
469
474
475
456
457
462
463
468
469
474
475
458
459
460
464
465
466
470
471
472
476
477
478
458
459
460
464
465
466
470
471
472
476
477
478
458
459
460
464
465
466
470
471
472
476
477
478
479
-4.8178939254097252e+10
-7.1628421472035904e+10
-1.6010835927204999e+11
2.0287727667763815e+09
-4.1367425575557915e+10
7.0338288971134735e+10
5.0647864602193567e+11
-3.0193593735416679e+09
-5.0957168089473358e+10
7.1765665223587128e+10
-1.6280389253188110e+11
2.5056486616946144e+09
-4.3062861298876038e+10
-7.1990594777615295e+10
-7.1628421472035889e+10
-1.3646471922023318e+11
2.0287727667763543e+09
1.6797980963639512e+09
7.0338288971134689e+10
-1.2547053928135628e+11
-3.0193593735416222e+09
5.2299334224399524e+11
7.1765665223587143e+10
-1.4355370054155164e+11
2.5056486616946297e+09
-3.2901499247827959e+08
-7.1990594777615280e+10
-1.1885516630473981e+11
-3.9892148435812134e+10
9.4871760957941227e+09
1.6038158647623766e+10
-3.4228392846598835e+10
1.7301476524954765e+10
-1.6741616449143887e+06
-3.6045239320938263e+10
-9.1948723138489361e+09
1.5219693485361404e+10
2.2241678758831842e+11
-3.6866726355168724e+08
5.5216937918961525e+07
-4.2023953099295517e+10
9.3263668748866520e+09
-1.6796506957850639e+10
-3.5244763971312233e+10
-1.7193075136902077e+10
3.3968199964407670e+08
-3.4982289914361443e+10
-9.3584047813328419e+09
-1.4854569951052654e+10
-9.0213154466782265e+09
-1.2133496199355216e+09
-2.8480399956094632e+09
-1.7061712725895489e+10
-5.1510137851769142e+09
1.7559297392704320e+08
8.7423824838307037e+09
-4.5493968689140260e+08
2.7916894972282047e+09
-3.6866726355167770e+08
6.6328245173670410e+10
-1.7304592252785301e+08
-9.0971183838683701e+09
-1.6260488946840086e+09
2.8033836774161634e+09
1.7696226584719757e+10
-5.3366426048386097e+09
7.1869486712400198e+07
9.1102047514433098e+09
-3.9715686113891762e+08
-2.8214497171464925e+09
-1.6336867690183407e+10
-2.6505482273901505e+09
-4.8021851895611134e+09
2.1928962657130706e+08
9.5931297378618896e+07
1.3353745175306251e+09
-1.5393901012636774e+10
2.6170141042877307e+09
-3.9769656316127043e+09
5.5216937918966293e+07
-1.7304592252785110e+08
6.7305581348254669e+10
1.6809915990345400e+10
2.7304315754781437e+09
-5.2457632377671251e+09
-1.9426079658513302e+08
1.2801475756432676e+08
1.1313316328343165e+09
1.4840606944569643e+10
-2.7477975847908173e+09
-3.5982797186736326e+09
1.0000000000000000e+00
-4.2254133070606522e+10
-7.1138501411970337e+10
-7.9565878442507050e+10
-6.7755201011139107e+08
-5.0957168089473328e+10
7.1765665223587097e+10
2.5149953633897696e+11
-5.8979395802121429e+09
-7.8722356736390045e+10
5.9483277787067442e+09
-7.1138501411970322e+10
-1.2274649076671620e+11
4.8169534843941145e+09
1.1265034903841896e+09
7.1765665223587143e+10
-1.4355370054155164e+11
-5.8979395802121849e+09
2.6363362480465051e+11
4.5382228420124626e+08
1.5400630132331581e+09
-3.5648282927816620e+10
8.9654056062007828e+09
1.5237334777683640e+10
-1.6946778539038877e+10
8.5844284144403286e+09
1.7406369118367124e+08
-4.2023953099295509e+10
-9.0971183838683681e+09
1.6809915990345400e+10
1.1129420148164789e+11
2.3149558794543076e+08
3.1255329661527943e+10
-1.6675186915496853e+10
-8.6842112247181683e+09
6.2591998182344031e+08
-9.2448632787091808e+09
-4.3497933753714353e+08
-2.6730734450365820e+09
-8.7481106279342918e+09
-2.4262568429096556e+09
-3.2267413810122961e+08
9.3263668748866539e+09
-1.6260488946840072e+09
2.7304315754781418e+09
2.3149558794543266e+08
3.3205982076095650e+10
-3.3385601788197136e+08
8.4351114438113852e+09
-2.3999440495465384e+09
5.9917202554164672e+08
-1.5089583725825689e+10
-2.7892813035748830e+09
-3.7881689362224092e+09
4.8363431426037025e+08
5.5629961046775508e+08
7.1574389975458026e+08
-1.6796506957850637e+10
2.8033836774161625e+09
-5.2457632377671280e+09
3.1255329661527943e+10
-3.3385601788197422e+08
3.3880316931196198e+10
1.4712670788801503e+08
-2.3654596642705756e+08
7.5662429445705700e+08
1.0000000000000000e+00
-4.5852946480168365e+10
-7.3023428905302948e+10
-1.5236085498913654e+11
-4.6942631439606438e+09
-5.1818406534456406e+09
5.5040369575076126e+10
-4.7129212472731049e+10
7.4880931022402679e+10
5.0933816787846606e+11
-2.1937574406000481e+09
-1.6147878327966513e+11
4.3086325279829041e+10
-1.4563923131063805e+10
-2.7513601889617065e+10
-8.2770606872255615e+10
-6.5582574497827164e+10
-7.3023428905302948e+10
-1.0956555204795372e+11
-4.6942631439606676e+09
5.6936479673970642e+09
5.5040369575076141e+10
-1.1241075859416351e+11
7.4880931022402725e+10
-8.5343805792667953e+10
-2.1937574406000862e+09
5.0213964654340271e+11
4.3086325279829041e+10
-2.9914084064166512e+10
-2.7513601889617073e+10
-1.5433171866399564e+11
-6.5582574497827141e+10
-1.6267375347852432e+10
-3.3578070669655998e+10
9.7147036625790176e+09
1.4627890441654736e+10
-3.1687359541733833e+10
1.7002529301581444e+10
3.3129524353375936e+08
-2.5405808479421715e+10
-6.7936691433568258e+09
1.3434802763607994e+10
-2.8620713822771385e+10
7.9608223214841099e+09
-1.2780185676845556e+10
2.1852915743682349e+11
1.4106185164905396e+09
1.7210069878543911e+09
-4.1350310845889557e+10
-1.6053733435215740e+10
3.7150710464715195e+09
-3.6489799153253586e+10
-2.8358626847192836e+09
-1.4735598706506393e+10
-2.1397094924097412e+10
-1.0405408538843262e+10
-6.3142820997704430e+09
-1.0043509797039694e+10
-9.3061289739533365e+07
-2.5528822814161763e+09
-1.7698019146410954e+10
-3.7589572186280427e+09
-2.2192460671433657e+08
4.9090970651515226e+09
2.1122581007609651e+09
2.6578138668223710e+09
-1.0969292755830629e+10
-2.5164813540505135e+08
2.5567897570605335e+09
1.4106185164905386e+09
6.9069462496304047e+10
-1.5577462218801212e+08
1.8224903014479637e+10
-6.4797857373530159e+09
2.1616562761510139e+09
3.1432655777356091e+09
-3.0280379980611742e+07
-1.2356748208938074e+09
1.1022937525423967e+10
-1.7923982371427217e+09
-3.2100035688215857e+09
-1.5642113388133055e+10
-2.4439340733957338e+09
-2.2481609019719000e+09
-8.6262742897969925e+08
-2.5023515280615449e+07
1.9157012325989997e+09
-1.4683532618460928e+10
1.7695389285658302e+09
-2.0648818502507300e+09
1.1699365614630266e+10
3.7111395490866666e+09
-1.7232341028299479e+09
1.7210069878543911e+09
-1.5577462218801403e+08
6.8693912832430359e+10
-6.4157730289330616e+09
1.4849491962710371e+09
-1.1663387517382839e+09
1.7331668809352669e+10
-1.1808559607009184e+09
-6.0703187297769651e+09
6.8520050526694155e+09
-3.1600395023582544e+09
1.4389098703544986e+09
1.0000000000000000e+00
-8.9485757451717773e+10
-8.2480780532984863e+10
-1.6147878327966513e+11
4.3086325279829033e+10
5.4240775791802197e+11
3.2933826015146347e+10
-6.3231861667324051e+10
7.2199762816517456e+10
-3.2790610971983585e+10
7.2614009370224762e+08
-1.9542074454733148e+11
-6.6465273672210228e+10
-8.2480780532984848e+10
-1.5655614970734277e+11
4.3086325279829048e+10
-2.9914084064166519e+10
3.2933826015146324e+10
5.5358636766057349e+11
7.2199762816517471e+10
-9.1790597006626587e+10
7.2614009370225525e+08
-2.1117038687455957e+11
-6.6465273672210251e+10
-6.4155150007878006e+10
-5.3157202163994568e+10
1.3510703262561871e+10
1.8664298746872639e+10
-4.1350310845889557e+10
1.8224903014479637e+10
-6.4157730289330616e+09
2.3678885429167181e+11
1.7804600249041653e+08
3.8316417398730621e+09
-3.3492506503631294e+10
-1.2384779612095169e+10
1.3363411204048561e+10
-5.2707622991537094e+10
-8.7835140502089465e+08
-2.0011775106769035e+10
-5.6081211786619308e+10
-1.8650521262415871e+10
-9.4318035550921898e+09
-1.0300222986856411e+10
-4.6649436379497194e+09
-3.3750136012100649e+09
-1.6053733435215738e+10
-6.4797857373530169e+09
1.4849491962710390e+09
1.7804600249042034e+08
6.3700492390590317e+10
1.8602193821883702e+09
9.1040451913415012e+09
-1.3117743081469738e+09
3.0569988027794151e+09
-1.5084708800834959e+09
-2.5099570005423207e+09
-4.4034407287458062e+08
1.8580336108323730e+10
-1.0156295762593243e+10
-2.5868097071541777e+09
-1.7343874051641212e+10
-2.7183751584781380e+09
-6.9221708468658485e+09
3.7150710464715185e+09
2.1616562761510153e+09
-1.1663387517382848e+09
3.8316417398730659e+09
1.8602193821883669e+09
6.4406405941607269e+10
-1.2654368820471077e+10
2.2732306425943317e+09
-2.2863963158480291e+09
1.7635522116638870e+10
2.7699487440610480e+08
-1.0978896765790524e+10
4.8160079691288338e+09
-3.8537260168616772e+09
-4.4748673173595333e+09
1.0000000000000000e+00
-1.2597420964929779e+11
1.6760638205025063e+09
-4.4855702956638687e+10
-7.4137310031944641e+10
-2.4904901023673714e+10
2.8292702030409363e+10
-6.3231861667324051e+10
7.2199762816517456e+10
4.8693261636312329e+11
-1.4919895889971085e+09
-1.0352266579845396e+11
6.4670955495178345e+10
5.8111933919398098e+09
-2.3642738287351994e+10
-1.3025446865967487e+11
-6.7567446254313911e+10
1.6760638205025034e+09
2.3657755746427273e+10
-7.4137310031944656e+10
-9.2395116267179550e+10
2.8292702030409382e+10
-1.7052794116186539e+11
7.2199762816517487e+10
-9.1790597006626587e+10
-1.4919895889970932e+09
5.2694782275403979e+11
6.4670955495178368e+10
-1.8354280101588501e+10
-2.3642738287351990e+10
-1.3968295568466406e+11
-6.7567446254313995e+10
-3.7854688278542923e+10
-2.2105406707410297e+10
1.4336601658449633e+10
-5.9010723112095952e+08
-2.9652954770578014e+10
7.8772859790684681e+09
1.3534895561377094e+10
-4.2223144916628822e+10
-3.2614685600455241e+09
1.5969784607798073e+10
-3.3492506503631294e+10
9.1040451913415031e+09
-1.2654368820471075e+10
2.1904824301914011e+11
1.4821045135323343e+09
-7.8234010828521729e+08
-2.6331438929021515e+10
-1.2252184374791328e+10
8.4349721727456779e+09
-2.8922911606452770e+10
-1.2494377290173404e+09
-1.5208421318604286e+10
-3.6319879585417412e+10
-1.6036946678537745e+10
-8.7044148634393253e+09
-1.4963870895815054e+10
-1.9116220192465177e+09
-1.5747802768118703e+08
-1.1513740281969112e+10
4.9534792379333794e+07
-2.1846678139723177e+09
3.5521052954739385e+09
-1.0407994055757859e+09
1.1812164720885525e+09
-1.2384779612095169e+10
-1.3117743081469765e+09
2.2732306425943294e+09
1.4821045135323353e+09
6.8892306631362930e+10
-6.6537041055411339e+07
1.4062191100629299e+10
-2.3433299247874136e+09
2.0822606559567161e+09
3.1211678919439726e+09
1.9696671423105884e+09
-8.0011517484056211e+08
1.6644821988299786e+10
-3.5613779577630291e+09
-2.3279097130901155e+09
-1.8669386378986859e+08
1.7959621370019665e+08
3.7727889712711878e+09
-1.2264269437463694e+10
-3.5811453354226227e+09
-1.9969965620712492e+09
-1.9042223474014301e+10
1.0698319851564363e+09
-7.1437790932292318e+09
1.3363411204048557e+10
3.0569988027794161e+09
-2.2863963158480272e+09
-7.8234010828521729e+08
-6.6537041055412292e+07
7.0916771950511185e+10
-5.9418551027051048e+09
3.2651215529838057e+09
1.3798043099814925e+09
1.6128832851037844e+10
-1.4920568925193851e+09
-3.6981912098427796e+09
8.7251379311717815e+09
-2.4318092856224332e+09
-2.0139710023946095e+08
1.0000000000000000e+00
-1.7882782038368060e+11
-8.0978282123613586e+10
8.2815990420301781e+09
-6.9976400284429750e+09
-1.0352266579845396e+11
6.4670955495178368e+10
2.7761496701578864e+11
2.7037295111660202e+10
-3.5460798756842308e+09
-3.7323284547820101e+09
-8.0978282123613556e+10
-8.4976643121647552e+10
-1.2492145522948467e+10
-6.5808772576855698e+10
6.4670955495178360e+10
-1.8354280101588509e+10
2.7037295111660164e+10
2.5641328905134918e+11
1.7621770397235126e+09
-8.7273593251257385e+10
-5.6994791498064728e+10
1.7405120464691063e+10
9.3308481634406948e+09
-1.2428710331598114e+10
1.9237731066734571e+09
7.1959817904645367e+09
-2.6331438929021523e+10
1.4062191100629301e+10
-5.9418551027051077e+09
1.1537647507623349e+11
3.1031894091292358e+10
-9.5872720012351036e+08
-1.9621534317549114e+10
-3.2041466072210383e+08
-9.6262476510766258e+09
-1.9072839113795006e+10
-9.1316016889256897e+09
-3.6577013899437194e+09
4.6620367441127706e+08
1.3787715744919920e+09
-4.6485314364274991e+08
-1.2252184374791328e+10
-2.3433299247874131e+09
3.2651215529838047e+09
3.1031894091292358e+10
3.4372003678464958e+10
1.5663800101829557e+09
-1.7307427711730266e+08
2.4520324303098512e+08
-7.0894702958029270e+08
-1.0561921516071543e+10
-3.5561401375131879e+09
-5.3194108895437298e+09
-6.6307716926970434e+09
-6.9422235134647501e+08
-1.9917251949369745e+09
8.4349721727456779e+09
2.0822606559567182e+09
1.3798043099814928e+09
-9.5872720012350845e+08
1.5663800101829557e+09
3.3128905404047321e+10
9.7164482361464157e+09
6.0172182271998596e+08
-2.6765267472732735e+09
1.0000000000000000e+00
-2.1061353923971658e+11
-1.7694920594434013e+10
-1.4563923131063782e+10
-2.7513601889617081e+10
5.6801467629500293e+11
-3.5625331268666656e+10
-7.0629126498574448e+10
7.1984122572796997e+10
-1.8720602561051221e+11
8.1731392001071838e+10
-8.5002061815135834e+10
-7.2881660821151093e+10
-1.7694920594434006e+10
-3.5731923306092453e+10
-2.7513601889617077e+10
-1.5433171866399567e+11
-3.5625331268666626e+10
5.3035234632066223e+11
7.1984122572796982e+10
-1.8137940048601721e+11
8.1731392001071808e+10
-8.7130946528870026e+10
-7.2881660821151093e+10
-7.1778357335686829e+10
-5.3222785117921692e+10
2.0345024237160648e+10
1.0267337454304790e+09
-3.6489799153253593e+10
3.1432655777356081e+09
1.7331668809352669e+10
2.3730151723177948e+11
-1.9482738966909866e+09
2.2553633074172187e+08
-5.4446286694201904e+10
1.0210161107912010e+10
-1.8007036549200813e+10
-5.9270333486903549e+10
-1.8981860428677803e+10
1.1110152507219309e+10
-3.3872312779498726e+10
-1.2768316597439484e+10
-1.1687054843543343e+10
-1.7580361012518288e+10
-1.0902555938597694e+10
-1.0836744003796887e+09
-2.8358626847192836e+09
-3.0280379980611265e+07
-1.1808559607009196e+09
-1.9482738966909904e+09
6.4071539538202713e+10
-2.0832550623571608e+09
-6.3478514269818668e+09
-4.5730258405434341e+09
3.8999212186784124e+09
1.7831947499653454e+10
-9.9441504456936264e+09
3.4785750021866484e+09
1.0880401521256973e+10
-2.6420257718832321e+09
-3.0307107974272962e+09
-3.2552870691849966e+09
-3.3235967213685119e+08
-2.6850012166012149e+09
-1.4735598706506393e+10
-1.2356748208938074e+09
-6.0703187297769661e+09
2.2553633074171877e+08
-2.0832550623571610e+09
6.1815355922971657e+10
1.7284942743803413e+10
2.9495079839419689e+09
-9.4196116752399616e+09
-9.4415794298044548e+09
3.7427221563614764e+09
-5.5710442694353924e+09
9.9219861309507141e+09
-3.0409405849156275e+09
-2.0898788704140127e+09
1.0000000000000000e+00
-2.8712701404070564e+10
-6.8275037181913528e+10
-1.6280389253188110e+11
2.5056486616946449e+09
-7.0629126498574432e+10
7.1984122572796982e+10
5.0120094971085510e+11
-2.3412366459263351e+10
-4.9631155083901741e+10
7.0722659144432800e+10
-1.4164259251360956e+11
2.0466007312869804e+10
-4.7781481678817749e+10
-7.3991034050617401e+10
-6.8275037181913513e+10
-1.1130073739257060e+11
2.5056486616946478e+09
-3.2901499247830904e+08
7.1984122572796997e+10
-1.8137940048601721e+11
-2.3412366459263348e+10
5.4717866874469586e+11
7.0722659144432816e+10
-1.4591123234630270e+11
2.0466007312869839e+10
8.5534258531425171e+09
-7.3991034050617447e+10
-1.1681170938046954e+11
-3.0249817023965683e+10
5.6515988174990835e+09
1.4048926423077248e+10
-3.5244763971312225e+10
1.7696226584719757e+10
-1.9426079658513361e+08
-5.4446286694201904e+10
-6.3478514269818659e+09
1.7284942743803413e+10
2.2650176941940918e+11
-8.4379275204772758e+08
-1.8160151790858507e+09
-4.2246812099118248e+10
9.1935797103822289e+09
-1.6959685504091028e+10
-2.8753832303187321e+10
-1.5814874404242702e+10
3.2319605259953518e+09
-3.5560257327623795e+10
-9.5348865293287659e+09
-1.5595868213113987e+10
-9.0968294750660133e+09
8.9804020362468600e+07
-2.4776556827010899e+09
-1.7193075136902077e+10
-5.3366426048386087e+09
1.2801475756432629e+08
1.0210161107912008e+10
-4.5730258405434361e+09
2.9495079839419694e+09
-8.4379275204772758e+08
6.5410307008635391e+10
-1.4082889743419418e+09
-8.7507059418673782e+09
-1.6185072369385993e+09
2.8127734589085608e+09
1.5448793273256901e+10
-3.8873009747142005e+09
4.8753467941956443e+08
1.0225448924714287e+10
-4.8989594624792051e+08
-2.4918862227913914e+09
-1.2107420028419828e+10
-3.8648578733864827e+09
-3.7461305399817972e+09
3.3968199964407599e+08
7.1869486712402463e+07
1.1313316328343151e+09
-1.8007036549200813e+10
3.8999212186784148e+09
-9.4196116752399597e+09
-1.8160151790858526e+09
-1.4082889743419456e+09
6.7944540488539581e+10
1.7218836977762447e+10
2.6316613311079311e+09
-5.2618984959322414e+09
-4.5391450957518333e+08
1.5417563335337877e+09
2.1305183485295377e+09
1.4825867288875154e+10
-2.8720615223041101e+09
-3.1840113330343380e+09
1.0000000000000000e+00
-4.3062861298876038e+10
-7.1990594777615234e+10
-7.8722356736390045e+10
4.5382228420121765e+08
-4.9631155083901749e+10
7.0722659144432831e+10
2.5207185559691742e+11
-6.6643385917445488e+09
-8.0655482477749603e+10
7.4784519407257252e+09
-7.1990594777615295e+10
-1.1885516630473979e+11
5.9483277787067337e+09
1.5400630132331429e+09
7.0722659144432816e+10
-1.4591123234630273e+11
-6.6643385917445030e+09
2.6314943134397522e+11
1.9839464462202549e+09
7.6904293834156036e+07
-3.4982289914361443e+10
9.1102047514433098e+09
1.4840606944569645e+10
-1.6675186915496853e+10
8.4351114438113852e+09
1.4712670788801551e+08
-4.2246812099118240e+10
-8.7507059418673782e+09
1.7218836977762444e+10
1.1131324100574841e+11
2.1939853453201103e+08
3.1298921121902985e+10
-1.7408952076771851e+10
-9.0140087879193211e+09
5.9707235044099450e+08
-9.3584047813328400e+09
-3.9715686113891852e+08
-2.7477975847908177e+09
-8.6842112247181702e+09
-2.3999440495465384e+09
-2.3654596642705864e+08
9.1935797103822289e+09
-1.6185072369385993e+09
2.6316613311079330e+09
2.1939853453201103e+08
3.3281461013690895e+10
-3.8451541284608650e+08
8.6296377611367683e+09
-2.4655674487901258e+09
7.3719763295602679e+08
-1.4854569951052654e+10
-2.8214497171464949e+09
-3.5982797186736312e+09
6.2591998182344031e+08
5.9917202554164672e+08
7.5662429445705485e+08
-1.6959685504091028e+10
2.8127734589085603e+09
-5.2618984959322433e+09
3.1298921121902985e+10
-3.8451541284608078e+08
3.3887851674680508e+10
-1.1058564858274269e+08
-2.0598035445762777e+08
6.1598766274501967e+08
1.0000000000000000e+00
-8.2770606872255615e+10
-6.5582574497827156e+10
-3.2790610971983597e+10
7.2614009370222855e+08
-1.8720602561051221e+11
8.1731392001071838e+10
5.3518157105957788e+11
-2.3487622166048378e+10
-9.3332600670210312e+10
7.3277911075084290e+10
1.3743728603983992e+10
1.7324497732931328e+08
-1.5282545553860010e+11
-6.6838491483312180e+10
-6.5582574497827164e+10
-1.6267375347852421e+10
7.2614009370224762e+08
-2.1117038687455960e+11
8.1731392001071838e+10
-8.7130946528870026e+10
-2.3487622166048363e+10
5.3388952595477197e+11
7.3277911075084320e+10
-3.7014808923423409e+10
1.7324497732933044e+08
-1.3755125024703659e+11
-6.6838491483312210e+10
-4.4754758033029999e+10
-2.1397094924097412e+10
1.1022937525423969e+10
6.8520050526694164e+09
-5.2707622991537094e+10
-1.5084708800834963e+09
1.7635522116638870e+10
-5.9270333486903542e+10
1.7831947499653450e+10
-9.4415794298044548e+09
2.3097215058951999e+11
2.0733159059663963e+08
-1.5748302391167221e+09
-2.8161477381340611e+10
-1.0829893814917694e+10
9.1661480650563202e+09
-2.6748538626585423e+10
8.9265993435477781e+08
-1.5488061162597776e+10
-4.2687083179055885e+10
-1.7616511855027634e+10
-7.1492044028456688e+09
-1.0405408538843262e+10
-1.7923982371427209e+09
-3.1600395023582530e+09
-8.7835140502089560e+08
-2.5099570005423217e+09
2.7699487440610385e+08
-1.8981860428677803e+10
-9.9441504456936264e+09
3.7427221563614745e+09
2.0733159059663963e+08
6.5654987002416222e+10
-1.3324964769269228e+09
1.2412402699174080e+10
-2.9958142026523070e+09
3.0898026413443689e+09
1.0014393951214683e+09
2.5535259028072929e+09
4.5542807874049187e+08
1.6644446687649780e+10
-5.9132013373236971e+09
-3.0724117715672636e+09
-6.3142820997704430e+09
-3.2100035688215857e+09
1.4389098703544981e+09
-2.0011775106769035e+10
-4.4034407287458128e+08
-1.0978896765790524e+10
1.1110152507219309e+10
3.4785750021866493e+09
-5.5710442694353895e+09
-1.5748302391167183e+09
-1.3324964769269228e+09
6.5779020014961349e+10
-6.8183130451188431e+09
4.0712132216618738e+09
-2.3690795735166848e+08
1.4394180488587734e+10
-2.8130410335378093e+08
-3.7985693701615105e+09
9.2148674949680023e+09
-2.2856400018716593e+09
-1.5795198407078969e+09
1.0000000000000000e+00
-1.9542074454733145e+11
-6.6465273672210236e+10
5.8111933919398251e+09
-2.3642738287351997e+10
-9.3332600670210327e+10
7.3277911075084305e+10
5.5021921465860254e+11
1.8497062889883438e+10
-1.2866272015556821e+11
7.4889070517168304e+10
-1.1763100047493172e+09
-8.3181671938388805e+09
-1.3743803267268307e+11
-6.8237865328734993e+10
-6.6465273672210236e+10
-6.4155150007878021e+10
-2.3642738287352020e+10
-1.3968295568466406e+11
7.3277911075084320e+10
-3.7014808923423401e+10
1.8497062889883442e+10
4.9917742965805023e+11
7.4889070517168365e+10
-5.3604426570407379e+10
-8.3181671938388891e+09
-1.6345724683677380e+11
-6.8237865328734970e+10
-4.1262841634903625e+10
-5.6081211786619301e+10
1.8580336108323730e+10
4.8160079691288338e+09
-2.8922911606452763e+10
3.1211678919439702e+09
1.6128832851037844e+10
-2.8161477381340611e+10
1.2412402699174078e+10
-6.8183130451188421e+09
2.2672149722890640e+11
-1.4587213310176277e+09
1.7579775596730843e+09
-3.9378704539562637e+10
-1.6369007205200230e+10
9.6476272917769966e+09
-3.5568978329958710e+10
-1.1991859574526753e+09
-1.6368261921583202e+10
-3.8608213584972435e+10
-1.5086992205771206e+10
-9.1638707049147034e+09
-1.8650521262415871e+10
-1.0156295762593239e+10
-3.8537260168616800e+09
-1.2494377290173426e+09
1.9696671423105881e+09
-1.4920568925193844e+09
-1.0829893814917696e+10
-2.9958142026523070e+09
4.0712132216618757e+09
-1.4587213310176296e+09
6.7165300377141411e+10
1.1520531833606873e+09
1.5358485518045395e+10
-4.2879258779087238e+09
3.0009242079814434e+09
7.3903385692138064e+08
9.4611482264757848e+08
-3.9362886337203825e+08
1.6091054762401760e+10
-5.2042858233248997e+09
-2.4847788402508974e+09
-9.4318035550921879e+09
-2.5868097071541772e+09
-4.4748673173595343e+09
-1.5208421318604288e+10
-8.0011517484056497e+08
-3.6981912098427773e+09
9.1661480650563202e+09
3.0898026413443699e+09
-2.3690795735166806e+08
1.7579775596730919e+09
1.1520531833606844e+09
6.4318176396185150e+10
-1.0565734207649837e+10
2.5182063413947210e+09
-1.2356033424759529e+09
1.6744904591292015e+10
-2.2498793415049076e+08
-6.2665607479346657e+09
7.5369288653248901e+09
-3.1481493499545426e+09
-9.6928514560016716e+08
1.0000000000000000e+00
-1.3025446865967490e+11
-6.7567446254313950e+10
-3.5460798756842308e+09
1.7621770397235050e+09
-1.2866272015556818e+11
7.4889070517168304e+10
2.5954097687608923e+11
-3.3009824112396011e+09
2.9222918148381081e+09
-5.7828188913382711e+09
-6.7567446254313919e+10
-3.7854688278542908e+10
-3.7323284547819939e+09
-8.7273593251257416e+10
7.4889070517168320e+10
-5.3604426570407410e+10
-3.3009824112396126e+09
2.5533129897719925e+11
-2.8831339683277702e+08
-7.6598590876991531e+10
-3.6319879585417427e+10
1.6644821988299789e+10
8.7251379311717834e+09
-1.9621534317549114e+10
-1.7307427711730313e+08
9.7164482361464157e+09
-3.9378704539562630e+10
1.5358485518045395e+10
-1.0565734207649836e+10
1.1123783737571046e+11
3.1963937592325798e+10
2.9084662460450554e+08
-1.5917718933181284e+10
3.0839328101038980e+08
-8.1666985842728081e+09
-1.6036946678537750e+10
-3.5613779577630310e+09
-2.4318092856224308e+09
-3.2041466072210336e+08
2.4520324303098464e+08
6.0172182271998668e+08
-1.6369007205200228e+10
-4.2879258779087257e+09
2.5182063413947210e+09
3.1963937592325798e+10
3.4199746231801899e+10
-1.5257291376721478e+08
7.6243095213428307e+08
8.8877273172231925e+08
-5.3554596472505468e+08
-8.7044148634393234e+09
-2.3279097130901175e+09
-2.0139710023946172e+08
-9.6262476510766258e+09
-7.0894702958029246e+08
-2.6765267472732749e+09
9.6476272917770004e+09
3.0009242079814415e+09
-1.2356033424759543e+09
2.9084662460450554e+08
-1.5257291376721573e+08
3.3928301069994511e+10
8.3921885981344471e+09
1.8850544845619226e+08
-2.3303555091223783e+09
1.0000000000000000e+00
-8.5002061815135834e+10
-7.2881660821151093e+10
-1.4164259251360956e+11
2.0466007312869846e+10
1.3743728603984009e+10
1.7324497732933044e+08
5.1868155314905249e+11
2.4472233765901833e+09
-4.0721999558207123e+10
6.8239723754443489e+10
-7.6863984368687973e+10
7.3369913284750763e+10
-1.7022842586643896e+11
-2.5515387886598618e+10
-1.7966217630957100e+10
-6.6299063998233910e+10
-7.2881660821151108e+10
-7.1778357335686844e+10
2.0466007312869835e+10
8.5534258531425095e+09
1.7324497732929897e+08
-1.3755125024703656e+11
2.4472233765901413e+09
4.9485185311816199e+11
6.8239723754443527e+10
-1.3452357295403320e+11
7.3369913284750809e+10
-3.8679131779256111e+10
-2.5515387886598614e+10
-2.5767168228607365e+10
-6.6299063998233917e+10
-9.5105798426684448e+10
-3.3872312779498726e+10
1.0880401521256973e+10
9.9219861309507122e+09
-2.8753832303187325e+10
1.5448793273256901e+10
-4.5391450957518369e+08
-2.6748538626585407e+10
1.0014393951214674e+09
1.4394180488587730e+10
2.1897326678612656e+11
8.4751361323350906e+07
-5.0355511869669533e+08
-3.7861697764990181e+10
8.7937414463790684e+09
-1.6686374432740711e+10
-2.4963018920852104e+10
-1.1763941776935352e+10
7.5486564377534609e+09
-4.2344727119300125e+10
-1.5986810529873234e+10
-2.3093181418807211e+09
-2.4429139271712677e+10
-8.4583746905291748e+09
-1.1911660854398592e+10
-1.2768316597439487e+10
-2.6420257718832335e+09
-3.0409405849156270e+09
-1.5814874404242706e+10
-3.8873009747142010e+09
1.5417563335337873e+09
8.9265993435477591e+08
2.5535259028072939e+09
-2.8130410335378015e+08
8.4751361323354721e+07
6.9454511523765793e+10
1.3157750555373240e+08
-8.7591725789298420e+09
-5.2955787426058328e+08
2.4418180809742579e+09
1.0901143087767887e+10
-1.1883805804251866e+09
3.6716962189373875e+09
1.9193956887451683e+10
-7.0650574163247929e+09
-1.2112336398051314e+09
6.2698523097143354e+09
1.6698607843578906e+09
-3.2533698109246302e+09
-1.1687054843543343e+10
-3.0307107974272971e+09
-2.0898788704140146e+09
3.2319605259953513e+09
4.8753467941956472e+08
2.1305183485295379e+09
-1.5488061162597771e+10
4.5542807874048936e+08
-3.7985693701615109e+09
-5.0355511869669819e+08
1.3157750555372953e+08
6.8155821752239403e+10
1.7221459912155041e+10
2.3387562740520573e+09
-3.6648692772964039e+09
-9.9944039363405972e+09
2.7267302534568439e+09
4.2850067991642952e+08
3.7180030718619366e+09
-9.2544965870550084e+08
-1.1738596774899988e+09
1.3501651551166080e+10
-2.1838663350898895e+09
-1.6220879920004478e+09
1.0000000000000000e+00
-4.7781481678817741e+10
-7.3991034050617447e+10
-8.0655482477749603e+10
1.9839464462202587e+09
-4.0721999558207130e+10
6.8239723754443520e+10
2.5834112327555713e+11
-2.1933925430273285e+09
-8.9182159560782639e+10
5.9607563929809856e+09
-7.3991034050617432e+10
-1.1681170938046953e+11
7.4784519407257366e+09
7.6904293834140778e+07
6.8239723754443497e+10
-1.3452357295403320e+11
-2.1933925430273209e+09
2.5611486236271820e+11
4.6625089847549248e+08
-4.8564843220496368e+09
-3.5560257327623795e+10
1.0225448924714287e+10
1.4825867288875156e+10
-1.7408952076771851e+10
8.6296377611367683e+09
-1.1058564858274269e+08
-3.7861697764990181e+10
-8.7591725789298439e+09
1.7221459912155041e+10
1.1114789813172614e+11
-1.8039760794778824e+07
3.2326569213749275e+10
-2.0316990962340305e+10
-1.0077874346126440e+10
-1.6074666363263035e+08
-9.5348865293287659e+09
-4.8989594624791884e+08
-2.8720615223041096e+09
-9.0140087879193211e+09
-2.4655674487901249e+09
-2.0598035445762819e+08
8.7937414463790703e+09
-5.2955787426058501e+08
2.3387562740520544e+09
-1.8039760794782639e+07
3.4413144601611618e+10
-1.4708064586905575e+08
9.7731936316638031e+09
-2.7406687432375379e+09
8.8636624857873583e+08
-1.5595868213113987e+10
-2.4918862227913923e+09
-3.1840113330343370e+09
5.9707235044099450e+08
7.3719763295602751e+08
6.1598766274501872e+08
-1.6686374432740711e+10
2.4418180809742594e+09
-3.6648692772964025e+09
3.2326569213749275e+10
-1.4708064586905575e+08
3.4310234576670902e+10
-6.4139891833557248e+08
-5.4004884526984096e+08
1.1011295999026418e+08
1.0000000000000000e+00
-1.5282545553860013e+11
-6.6838491483312195e+10
-1.1763100047493134e+09
-8.3181671938388710e+09
-7.6863984368687958e+10
7.3369913284750778e+10
5.1695775535651788e+11
7.3287269707682076e+09
-1.4818770064107562e+11
7.4575903900459320e+10
-3.3069714063444202e+10
-1.1244977656953812e+10
-1.0483459073996063e+11
-6.8872907821873413e+10
-6.6838491483312180e+10
-4.4754758033029999e+10
-8.3181671938388653e+09
-1.6345724683677377e+11
7.3369913284750763e+10
-3.8679131779256104e+10
7.3287269707681923e+09
5.3451825206994019e+11
7.4575903900459320e+10
-5.9341518449812790e+10
-1.1244977656953794e+10
-2.0088544171708060e+11
-6.8872907821873413e+10
-2.7400155253986877e+10
-4.2687083179055893e+10
1.6644446687649780e+10
9.2148674949680023e+09
-3.5568978329958687e+10
7.3903385692137778e+08
1.6744904591292011e+10
-2.4963018920852104e+10
1.0901143087767887e+10
-9.9944039363405991e+09
2.2717074234522235e+11
2.1081335650467634e+09
-4.5013493443233871e+08
-4.4836559680130219e+10
-1.6174842144365143e+10
1.0015025202703297e+10
-5.0545866989619522e+10
-3.1422906169889483e+09
-1.6437351010630247e+10
-2.8569235245605938e+10
-1.1075624436031708e+10
-9.0929074075601730e+09
-1.7616511855027637e+10
-5.9132013373237000e+09
-2.2856400018716569e+09
-1.1991859574526749e+09
9.4611482264758086e+08
-2.2498793415048939e+08
-1.1763941776935352e+10
-1.1883805804251871e+09
2.7267302534568391e+09
2.1081335650467634e+09
6.4365239902327209e+10
3.0829425681825733e+08
1.5908959379032104e+10
-6.5852389839263592e+09
3.0581427119568205e+09
-1.7927412858656245e+08
-2.4071657294328599e+09
-8.9798459495202923e+08
1.2741820773923355e+10
-3.9284478497359614e+09
-2.6845546912577395e+09
-7.1492044028456688e+09
-3.0724117715672641e+09
-1.5795198407078991e+09
-1.6368261921583202e+10
-3.9362886337204027e+08
-6.2665607479346695e+09
7.5486564377534618e+09
3.6716962189373884e+09
4.2850067991643006e+08
-4.5013493443233871e+08
3.0829425681825590e+08
6.5360313292649460e+10
-8.9827563940368767e+09
3.2970177005657821e+09
-2.5127524644761510e+09
1.9799726575508358e+10
1.7283151449071634e+08
-1.0382025777471931e+10
5.6019746396362677e+09
-3.9837990558728337e+09
2.4096510215547824e+08
1.0000000000000000e+00
-1.3743803267268311e+11
-6.8237865328734970e+10
2.9222918148381233e+09
-2.8831339683279037e+08
-1.4818770064107565e+11
7.4575903900459305e+10
2.7392884998050235e+11
-5.8876906541980705e+09
8.7745915184182491e+09
-1.6203452069347572e+08
-6.8237865328734947e+10
-4.1262841634903618e+10
-5.7828188913382826e+09
-7.6598590876991547e+10
7.4575903900459366e+10
-5.9341518449812767e+10
-5.8876906541980972e+09
2.4515636909141959e+11
5.3324709738119984e+09
-6.7953418129711594e+10
-3.8608213584972427e+10
1.6091054762401758e+10
7.5369288653248920e+09
-1.5917718933181290e+10
7.6243095213428211e+08
8.3921885981344490e+09
-4.4836559680130211e+10
1.5908959379032103e+10
-8.9827563940368767e+09
1.1214804115751398e+11
3.0045373894362347e+10
2.6171618834481239e+08
-1.2785548959230045e+10
1.2947451146335840e+09
-7.2080772577672634e+09
-1.5086992205771206e+10
-5.2042858233249016e+09
-3.1481493499545436e+09
3.0839328101038837e+08
8.8877273172231770e+08
1.8850544845619291e+08
-1.6174842144365139e+10
-6.5852389839263630e+09
3.2970177005657802e+09
3.0045373894362350e+10
3.3532959677857250e+10
-3.4049440485222340e+08
9.0806717476361275e+08
1.4258469749355259e+09
3.1206057847949266e+06
-9.1638707049147015e+09
-2.4847788402508941e+09
-9.6928514560016680e+08
-8.1666985842728081e+09
-5.3554596472505593e+08
-2.3303555091223769e+09
1.0015025202703297e+10
3.0581427119568205e+09
-2.5127524644761515e+09
2.6171618834480858e+08
-3.4049440485222435e+08
3.1917092373150497e+10
7.0538278981394043e+09
3.0267649787134594e+08
-2.0466446766879373e+09
1.0000000000000000e+00
-1.7022842586643900e+11
-2.5515387886598618e+10
-3.3069714063444218e+10
-1.1244977656953815e+10
5.5821859942522852e+11
-4.8459199304646416e+10
-8.0244722132410797e+10
7.9615292170161041e+10
-2.1648883212773627e+11
7.7032844106609222e+10
-5.8186905235198158e+10
-7.1428571428571411e+10
-2.5515387886598602e+10
-2.5767168228607365e+10
-1.1244977656953817e+10
-2.0088544171708060e+11
-4.8459199304646378e+10
5.5347148417956982e+11
7.9615292170161057e+10
-1.7670488892925931e+11
7.7032844106609192e+10
-8.6163936187192444e+10
-7.1428571428571411e+10
-6.3950049117430145e+10
-4.2344727119300133e+10
1.9193956887451683e+10
3.7180030718619366e+09
-5.0545866989619522e+10
-1.7927412858656001e+08
1.9799726575508358e+10
2.4017995633437000e+11
3.7646351904662371e+08
-3.6273258003043785e+09
-5.5513804859002815e+10
1.0157247050865070e+10
-1.9412702238134491e+10
-6.5387943771743835e+10
-1.8895873627565826e+10
1.0170218464043957e+10
-2.6387613594703659e+10
-1.0652519701210983e+10
-1.0647920072975357e+10
-1.5986810529873234e+10
-7.0650574163247938e+09
-9.2544965870550108e+08
-3.1422906169889479e+09
-2.4071657294328613e+09
1.7283151449071431e+08
3.7646351904661608e+08
6.3755998639155998e+10
-2.8711963155965042e+09
-9.0134947700595016e+09
-4.9390929157519932e+09
3.5443945587127371e+09
1.9046383261259739e+10
-1.2634239330145811e+10
3.3993628956521969e+09
8.7197491366153259e+09
-9.3095736201020575e+08
-3.3199429945536404e+09
-2.3093181418807211e+09
-1.2112336398051288e+09
-1.1738596774899979e+09
-1.6437351010630245e+10
-8.9798459495202827e+08
-1.0382025777471931e+10
-3.6273258003043747e+09
-2.8711963155965109e+09
6.3326852677932892e+10
1.8063512773383850e+10
3.3931274598446054e+09
-8.4733131340848255e+09
-5.6930807512133484e+09
4.5187859587616701e+09
-6.6015180801053257e+09
1.0003562930644848e+10
-2.9314988682526088e+09
-9.1665012329046941e+08
1.0000000000000000e+00
-1.7966217630957092e+10
-6.6299063998233910e+10
-8.9182159560782654e+10
4.6625089847550011e+08
-8.0244722132410797e+10
7.9615292170161041e+10
2.5896542812492877e+11
-2.7853252160599941e+10
-7.1572328800778244e+10
1.4070773090197327e+10
-6.6299063998233902e+10
-9.5105798426684479e+10
5.9607563929809809e+09
-4.8564843220496178e+09
7.9615292170161041e+10
-1.7670488892925934e+11
-2.7853252160599945e+10
2.7301573003122745e+11
8.5762675956918306e+09
3.6514416467659721e+09
-2.4429139271712677e+10
6.2698523097143364e+09
1.3501651551166080e+10
-2.0316990962340305e+10
9.7731936316638012e+09
-6.4139891833557272e+08
-5.5513804859002815e+10
-9.0134947700595016e+09
1.8063512773383850e+10
1.1493420083620659e+11
1.0624422161100922e+09
3.1508711847953011e+10
-1.4674265743150787e+10
-8.0919933874287205e+09
1.6700868483967195e+09
-8.4583746905291748e+09
1.6698607843578920e+09
-2.1838663350898876e+09
-1.0077874346126440e+10
-2.7406687432375388e+09
-5.4004884526984143e+08
1.0157247050865070e+10
-4.9390929157519932e+09
3.3931274598446059e+09
1.0624422161100883e+09
3.3671118570586628e+10
-1.5819886632494125e+09
7.3165597696804562e+09
-2.1886595693046384e+09
9.1277638376453757e+08
-1.1911660854398592e+10
-3.2533698109246306e+09
-1.6220879920004497e+09
-1.6074666363263094e+08
8.8636624857873464e+08
1.1011295999026608e+08
-1.9412702238134491e+10
3.5443945587127380e+09
-8.4733131340848255e+09
3.1508711847953007e+10
-1.5819886632494116e+09
3.4493608916569794e+10
-2.3602091787296750e+07
4.0459766688257086e+08
9.6423737617556429e+08
1.0000000000000000e+00
-1.0483459073996060e+11
-6.8872907821873413e+10
8.7745915184182453e+09
5.3324709738120165e+09
-2.1648883212773627e+11
7.7032844106609222e+10
3.0705103927455005e+11
-2.8994078706006618e+10
5.4977920747285767e+09
1.5501671447458813e+10
-6.8872907821873428e+10
-2.7400155253986885e+10
-1.6203452069346860e+08
-6.7953418129711594e+10
7.7032844106609177e+10
-8.6163936187192444e+10
-2.8994078706006596e+10
2.4309432052199677e+11
2.0996176941964310e+10
-6.1576810951105873e+10
-2.8569235245605938e+10
1.2741820773923355e+10
5.6019746396362677e+09
-1.2785548959230045e+10
9.0806717476361251e+08
7.0538278981394053e+09
-6.5387943771743851e+10
1.9046383261259743e+10
-5.6930807512133484e+09
1.1885856538814282e+11
2.8700355040751244e+10
9.9924537145029068e+07
-1.2115837411562996e+10
2.7059378518661399e+09
-7.0626463237074089e+09
-1.1075624436031706e+10
-3.9284478497359581e+09
-3.9837990558728352e+09
1.2947451146335845e+09
1.4258469749355254e+09
3.0267649787134689e+08
-1.8895873627565830e+10
-1.2634239330145811e+10
4.5187859587616711e+09
2.8700355040751244e+10
3.4619412520112373e+10
-1.8724130973406000e+09
-2.3602091787297904e+07
1.1186720008999205e+09
1.0347496965804180e+09
-9.0929074075601692e+09
-2.6845546912577391e+09
2.4096510215547681e+08
-7.2080772577672653e+09
3.1206057847938878e+06
-2.0466446766879363e+09
1.0170218464043957e+10
3.3993628956521978e+09
-6.6015180801053267e+09
9.9924537145030975e+07
-1.8724130973406000e+09
3.0903422522781326e+10
6.0308416641384468e+09
1.1544842871613522e+09
-1.8949805520775070e+09
1.0000000000000000e+00
-5.8186905235198174e+10
-7.1428571428571411e+10
-7.1572328800778229e+10
8.5762675956918316e+09
5.4977920747285881e+09
2.0996176941964310e+10
1.2426144196124782e+11
4.1856126890915283e+10
-7.1428571428571411e+10
-6.3950049117430161e+10
1.4070773090197325e+10
3.6514416467659760e+09
1.5501671447458805e+10
-6.1576810951105873e+10
4.1856126890915268e+10
1.2187541842177005e+11
-2.6387613594703651e+10
8.7197491366153259e+09
1.0003562930644848e+10
-1.4674265743150789e+10
7.3165597696804543e+09
-2.3602091787296988e+07
-1.2115837411562996e+10
-2.3602091787297606e+07
6.0308416641384487e+09
5.3177716749417450e+10
1.6038575236773563e+10
1.6040479548286047e+10
-1.0652519701210983e+10
-9.3095736201020575e+08
-2.9314988682526078e+09
-8.0919933874287205e+09
-2.1886595693046374e+09
4.0459766688257122e+08
2.7059378518661394e+09
1.1186720008999217e+09
1.1544842871613531e+09
1.6038575236773563e+10
1.7107934498013058e+10
6.7142972560890265e+09
-1.0647920072975357e+10
-3.3199429945536413e+09
-9.1665012329047000e+08
1.6700868483967195e+09
9.1277638376453829e+08
9.6423737617556465e+08
-7.0626463237074089e+09
1.0347496965804178e+09
-1.8949805520775056e+09
1.6040479548286047e+10
6.7142972560890255e+09
1.6954382866790550e+10
1.0000000000000000e+00
