78	78	972
0
1
2
3
4
5
6
7
8
9
10
11
12
30
39
57
72
87
102
103
104
105
106
107
108
109
110
111
112
113
114
150
168
204
234
264
294
324
339
369
394
419
444
445
446
447
448
449
450
451
452
453
454
455
456
457
458
459
460
461
462
492
507
537
562
587
612
648
666
702
732
762
792
828
846
882
912
942
972
0
1
2
3
4
5
6
7
8
9
10
11
12
13
14
15
16
17
30
31
32
33
34
35
36
37
38
39
40
41
12
13
14
30
31
32
36
37
38
12
13
14
15
16
17
30
31
32
33
34
35
36
37
38
39
40
41
12
14
15
16
17
30
32
33
34
35
36
38
39
40
41
12
14
15
16
17
30
32
33
34
35
36
38
39
40
41
12
14
15
16
17
30
32
33
34
35
36
38
39
40
41
18
19
20
21
22
23
24
25
26
27
28
29
12
13
14
15
16
17
30
31
32
33
34
35
36
37
38
39
40
41
60
61
62
63
64
65
66
67
68
69
70
71
72
73
74
75
76
77
12
13
14
30
31
32
36
37
38
60
61
62
66
67
68
72
73
74
12
13
14
15
16
17
30
31
32
33
34
35
36
37
38
39
40
41
60
61
62
63
64
65
66
67
68
69
70
71
72
73
74
75
76
77
12
14
15
16
17
30
32
33
34
35
36
38
39
40
41
60
62
63
64
65
66
68
69
70
71
72
74
75
76
77
12
14
15
16
17
30
32
33
34
35
36
38
39
40
41
60
62
63
64
65
66
68
69
70
71
72
74
75
76
77
12
14
15
16
17
30
32
33
34
35
36
38
39
40
41
60
62
63
64
65
66
68
69
70
71
72
74
75
76
77
12
13
14
15
16
17
30
31
32
33
34
35
36
37
38
39
40
41
72
73
74
75
76
77
78
79
80
81
82
83
12
13
14
30
31
32
36
37
38
72
73
74
78
79
80
12
13
14
15
16
17
30
31
32
33
34
35
36
37
38
39
40
41
72
73
74
75
76
77
78
79
80
81
82
83
12
14
15
16
17
30
32
33
34
35
36
38
39
40
41
72
74
75
76
77
78
80
81
82
83
12
14
15
16
17
30
32
33
34
35
36
38
39
40
41
72
74
75
76
77
78
80
81
82
83
12
14
15
16
17
30
32
33
34
35
36
38
39
40
41
72
74
75
76
77
78
80
81
82
83
42
43
44
45
46
47
48
49
50
51
52
53
54
55
56
57
58
59
30
31
32
33
34
35
60
61
62
63
64
65
66
67
68
69
70
71
102
103
104
105
106
107
108
109
110
111
112
113
30
31
32
60
61
62
66
67
68
102
103
104
108
109
110
30
31
32
33
34
35
60
61
62
63
64
65
66
67
68
69
70
71
102
103
104
105
106
107
108
109
110
111
112
113
30
32
33
34
35
60
62
63
64
65
66
68
69
70
71
102
104
105
106
107
108
110
111
112
113
30
32
33
34
35
60
62
63
64
65
66
68
69
70
71
102
104
105
106
107
108
110
111
112
113
30
32
33
34
35
60
62
63
64
65
66
68
69
70
71
102
104
105
106
107
108
110
111
112
113
30
31
32
33
34
35
60
61
62
63
64
65
66
67
68
69
70
71
72
73
74
75
76
77
108
109
110
111
112
113
114
115
116
117
118
119
30
31
32
60
61
62
66
67
68
72
73
74
108
109
110
114
115
116
30
31
32
33
34
35
60
61
62
63
64
65
66
67
68
69
70
71
72
73
74
75
76
77
108
109
110
111
112
113
114
115
116
117
118
119
30
32
33
34
35
60
62
63
64
65
66
68
69
70
71
72
74
75
76
77
108
110
111
112
113
114
116
117
118
119
30
32
33
34
35
60
62
63
64
65
66
68
69
70
71
72
74
75
76
77
108
110
111
112
113
114
116
117
118
119
30
32
33
34
35
60
62
63
64
65
66
68
69
70
71
72
74
75
76
77
108
110
111
112
113
114
116
117
118
119
30
31
32
33
34
35
36
37
38
39
40
41
66
67
68
69
70
71
72
73
74
75
76
77
78
79
80
81
82
83
114
115
116
117
118
119
30
31
32
36
37
38
66
67
68
72
73
74
78
79
80
114
115
116
30
31
32
33
34
35
36
37
38
39
40
41
66
67
68
69
70
71
72
73
74
75
76
77
78
79
80
81
82
83
114
115
116
117
118
119
30
32
33
34
35
36
38
39
40
41
66
68
69
70
71
72
74
75
76
77
78
80
81
82
83
114
116
117
118
119
30
32
33
34
35
36
38
39
40
41
66
68
69
70
71
72
74
75
76
77
78
80
81
82
83
114
116
117
118
119
30
32
33
34
35
36
38
39
40
41
66
68
69
70
71
72
74
75
76
77
78
80
81
82
83
114
116
117
118
119
1.0000000000000000e+00
1.0000000000000000e+00
1.0000000000000000e+00
1.0000000000000000e+00
1.0000000000000000e+00
1.0000000000000000e+00
1.0000000000000000e+00
1.0000000000000000e+00
1.0000000000000000e+00
1.0000000000000000e+00
1.0000000000000000e+00
1.0000000000000000e+00
3.8804160753468445e+11
-2.6324512995842453e+10
1.5051294656331265e+11
-2.9673764769837952e+08
-1.4785317149893074e+09
-2.9673764769837952e+08
-1.0243058251530090e+11
-2.0452204650129536e+10
-6.2002495651084335e+10
8.7742432161956387e+09
2.3456049592699203e+09
8.7742432161956387e+09
-3.8269869897765106e+10
-1.3145373553881863e+10
1.0402578443782639e+10
1.8872553316928849e+08
1.3052399720732454e+10
1.8872553316928849e+08
-2.6324512995842445e+10
5.6086381954092395e+11
-2.6324512995842445e+10
-2.0452204650129547e+10
-2.2691209605131466e+10
-2.0452204650129547e+10
-1.3145373553881868e+10
-1.9741661229832428e+11
-1.3145373553881868e+10
1.5051294656331265e+11
-2.6324512995842453e+10
3.8804160753468445e+11
2.9673764769837952e+08
1.4785317149893074e+09
2.9673764769837952e+08
-6.2002495651084335e+10
-2.0452204650129536e+10
-1.0243058251530090e+11
-8.7742432161956387e+09
-2.3456049592699203e+09
-8.7742432161956387e+09
1.0402578443782639e+10
-1.3145373553881863e+10
-3.8269869897765106e+10
-1.8872553316928849e+08
-1.3052399720732454e+10
-1.8872553316928849e+08
-2.9673764769837761e+08
2.9673764769837761e+08
3.0506934793811687e+10
-1.5554115845434856e+09
3.0506934793811687e+10
-7.3390609848053570e+09
7.3390609848053570e+09
-3.7322258708124409e+09
-9.6910194886163473e+08
-3.7322258708124409e+09
-1.5483584681573281e+09
1.5483584681573281e+09
-9.5501244016724634e+08
-3.6344715509476250e+08
-9.5501244016724634e+08
-1.4785317149893074e+09
1.4785317149893074e+09
-1.5554115845434885e+09
6.2334260798290573e+10
-1.5554115845434885e+09
-2.1215792793850050e+09
2.1215792793850050e+09
-9.1454494952964127e+08
-9.0850276043264282e+08
-9.1454494952964127e+08
-1.1391087856550674e+10
1.1391087856550674e+10
-9.5546104691900229e+08
-1.0442402092459156e+10
-9.5546104691900229e+08
-2.9673764769837761e+08
2.9673764769837761e+08
3.0506934793811687e+10
-1.5554115845434856e+09
3.0506934793811687e+10
-7.3390609848053570e+09
7.3390609848053570e+09
-3.7322258708124409e+09
-9.6910194886163473e+08
-3.7322258708124409e+09
-1.5483584681573281e+09
1.5483584681573281e+09
-9.5501244016724634e+08
-3.6344715509476250e+08
-9.5501244016724634e+08
1.0000000000000000e+00
1.0000000000000000e+00
1.0000000000000000e+00
1.0000000000000000e+00
1.0000000000000000e+00
1.0000000000000000e+00
1.0000000000000000e+00
1.0000000000000000e+00
1.0000000000000000e+00
1.0000000000000000e+00
1.0000000000000000e+00
1.0000000000000000e+00
-1.0243058251530087e+11
-2.0452204650129547e+10
-6.2002495651084328e+10
-7.3390609848053560e+09
-2.1215792793850038e+09
-7.3390609848053560e+09
3.6218868888286658e+11
1.4881282756603998e+10
1.4170860623506268e+11
-2.8478925052737665e+08
-1.4447374836037302e+09
-2.8478925052737665e+08
-3.7300757533139572e+10
5.1712924143253738e+10
-1.8620972987013817e+10
-4.3603152417182617e+09
5.1564876342907629e+09
-4.3603152417182617e+09
-8.5100948542871246e+10
4.3458489812494001e+09
-5.7068172346935814e+10
6.8950199384518166e+09
5.3615559519418919e+08
6.8950199384518166e+09
-5.4227437875273285e+10
-5.2210872390733932e+10
-2.0501704858388317e+10
3.7883257671326962e+09
7.1250164519031343e+09
3.7883257671326962e+09
-2.2797730147528217e+10
-1.0993910121029739e+09
1.3962680980156742e+10
1.1178192134091475e+09
9.4482990115339165e+09
1.1178192134091475e+09
-2.0452204650129539e+10
-2.2691209605131443e+10
-2.0452204650129539e+10
1.4881282756603987e+10
5.1661051599476367e+11
1.4881282756603987e+10
5.1712924143253738e+10
-3.0538986521914413e+10
5.1712924143253738e+10
4.3458489812493782e+09
1.2417413925763010e+10
4.3458489812493782e+09
-5.2210872390733910e+10
-8.1372821515920349e+10
-5.2210872390733910e+10
-1.0993910121029911e+09
-1.6131313948077045e+11
-1.0993910121029911e+09
-6.2002495651084328e+10
-2.0452204650129547e+10
-1.0243058251530087e+11
7.3390609848053560e+09
2.1215792793850038e+09
7.3390609848053560e+09
1.4170860623506268e+11
1.4881282756603998e+10
3.6218868888286658e+11
2.8478925052737665e+08
1.4447374836037302e+09
2.8478925052737665e+08
-1.8620972987013817e+10
5.1712924143253738e+10
-3.7300757533139572e+10
4.3603152417182617e+09
-5.1564876342907629e+09
4.3603152417182617e+09
-5.7068172346935814e+10
4.3458489812494001e+09
-8.5100948542871246e+10
-6.8950199384518166e+09
-5.3615559519418919e+08
-6.8950199384518166e+09
-2.0501704858388317e+10
-5.2210872390733932e+10
-5.4227437875273285e+10
-3.7883257671326962e+09
-7.1250164519031343e+09
-3.7883257671326962e+09
1.3962680980156742e+10
-1.0993910121029739e+09
-2.2797730147528217e+10
-1.1178192134091475e+09
-9.4482990115339165e+09
-1.1178192134091475e+09
8.7742432161956406e+09
-8.7742432161956406e+09
-3.7322258708124413e+09
-9.1454494952964115e+08
-3.7322258708124413e+09
-2.8478925052737713e+08
2.8478925052737713e+08
3.2005912300316326e+10
8.4346745684558225e+08
3.2005912300316326e+10
4.4374290616734142e+09
-4.4374290616734142e+09
-2.6852471020098418e+08
2.7087224660242000e+09
-2.6852471020098418e+08
-7.2104537186365194e+09
7.2104537186365194e+09
-2.6462244296973352e+09
5.2894399223329186e+08
-2.6462244296973352e+09
-5.5853628736456776e+09
5.5853628736456776e+09
-1.7128370808928695e+09
-2.4640457172463913e+09
-1.7128370808928695e+09
9.0750538817489493e+08
-9.0750538817489493e+08
-3.6208872515155554e+07
-4.1220185610088313e+08
-3.6208872515155554e+07
2.3456049592699208e+09
-2.3456049592699208e+09
-9.6910194886163533e+08
-9.0850276043264246e+08
-9.6910194886163533e+08
-1.4447374836037302e+09
1.4447374836037302e+09
8.4346745684558201e+08
6.4833534092393494e+10
8.4346745684558201e+08
-5.2635246339403553e+09
5.2635246339403553e+09
2.7022229469771633e+09
6.7060153412774277e+08
2.7022229469771633e+09
1.4772359166481745e+09
-1.4772359166481745e+09
-1.6250752072668415e+08
2.1734429955219531e+09
-1.6250752072668415e+08
-6.7896674968717833e+09
6.7896674968717833e+09
-3.0950578606258926e+09
-3.6204083545913873e+09
-3.0950578606258926e+09
-1.1094706256418114e+10
1.1094706256418114e+10
4.6759420547218704e+08
-7.9424215379968824e+09
4.6759420547218704e+08
8.7742432161956406e+09
-8.7742432161956406e+09
-3.7322258708124413e+09
-9.1454494952964115e+08
-3.7322258708124413e+09
-2.8478925052737713e+08
2.8478925052737713e+08
3.2005912300316326e+10
8.4346745684558225e+08
3.2005912300316326e+10
4.4374290616734142e+09
-4.4374290616734142e+09
-2.6852471020098418e+08
2.7087224660242000e+09
-2.6852471020098418e+08
-7.2104537186365194e+09
7.2104537186365194e+09
-2.6462244296973352e+09
5.2894399223329186e+08
-2.6462244296973352e+09
-5.5853628736456776e+09
5.5853628736456776e+09
-1.7128370808928695e+09
-2.4640457172463913e+09
-1.7128370808928695e+09
9.0750538817489493e+08
-9.0750538817489493e+08
-3.6208872515155554e+07
-4.1220185610088313e+08
-3.6208872515155554e+07
-3.8269869897765099e+10
-1.3145373553881866e+10
1.0402578443782642e+10
-1.5483584681573288e+09
-1.1391087856550674e+10
-1.5483584681573288e+09
-3.7300757533139572e+10
5.1712924143253738e+10
-1.8620972987013813e+10
4.4374290616734152e+09
-5.2635246339403543e+09
4.4374290616734152e+09
3.9166670200328900e+11
1.3292195710245022e+10
1.6067172866446616e+11
7.8052858149425125e+08
2.8676475528129606e+09
7.8052858149425125e+08
-1.2946035724822090e+11
-3.7497947684774071e+10
-7.3903521029124039e+10
9.6321498996540451e+09
2.5018029147062740e+09
9.6321498996540451e+09
-8.3967399250083580e+09
-2.2735568568658951e+10
1.6796672315229486e+10
2.0843713323953211e+09
1.0833323768656281e+10
2.0843713323953211e+09
-1.3145373553881857e+10
-1.9741661229832425e+11
-1.3145373553881857e+10
5.1712924143253746e+10
-3.0538986521914425e+10
5.1712924143253746e+10
1.3292195710245026e+10
5.1683830307193970e+11
1.3292195710245026e+10
-3.7497947684774086e+10
-5.3784906508189270e+10
-3.7497947684774086e+10
-2.2735568568658951e+10
-1.2500944047360780e+11
-2.2735568568658951e+10
1.0402578443782642e+10
-1.3145373553881866e+10
-3.8269869897765099e+10
1.5483584681573288e+09
1.1391087856550674e+10
1.5483584681573288e+09
-1.8620972987013813e+10
5.1712924143253738e+10
-3.7300757533139572e+10
-4.4374290616734152e+09
5.2635246339403543e+09
-4.4374290616734152e+09
1.6067172866446616e+11
1.3292195710245022e+10
3.9166670200328900e+11
-7.8052858149425125e+08
-2.8676475528129606e+09
-7.8052858149425125e+08
-7.3903521029124039e+10
-3.7497947684774071e+10
-1.2946035724822090e+11
-9.6321498996540451e+09
-2.5018029147062740e+09
-9.6321498996540451e+09
1.6796672315229486e+10
-2.2735568568658951e+10
-8.3967399250083580e+09
-2.0843713323953211e+09
-1.0833323768656281e+10
-2.0843713323953211e+09
1.8872553316928813e+08
-1.8872553316928813e+08
-9.5501244016724634e+08
-9.5546104691900301e+08
-9.5501244016724634e+08
-4.3603152417182627e+09
4.3603152417182627e+09
-2.6852471020098460e+08
2.7022229469771633e+09
-2.6852471020098460e+08
7.8052858149424934e+08
-7.8052858149424934e+08
3.3308400518993763e+10
8.2340737732958412e+08
3.3308400518993763e+10
-1.0216433215814016e+10
1.0216433215814016e+10
-4.9555754812185249e+09
-2.1571465036201854e+09
-4.9555754812185249e+09
-1.2463349735191169e+09
1.2463349735191169e+09
1.3107628724520185e+09
-1.1163845610482912e+09
1.3107628724520185e+09
1.3052399720732454e+10
-1.3052399720732454e+10
-3.6344715509476221e+08
-1.0442402092459156e+10
-3.6344715509476221e+08
5.1564876342907629e+09
-5.1564876342907629e+09
2.7087224660242004e+09
6.7060153412774110e+08
2.7087224660242004e+09
2.8676475528129625e+09
-2.8676475528129625e+09
8.2340737732958794e+08
6.4922233570480377e+10
8.2340737732958794e+08
-5.7852399178825626e+09
5.7852399178825626e+09
-1.2519196018422256e+09
-3.8527447287993813e+09
-1.2519196018422256e+09
-1.0151020021126957e+10
1.0151020021126957e+10
-6.9876688251533139e+08
-2.3618707574480028e+09
-6.9876688251533139e+08
1.8872553316928813e+08
-1.8872553316928813e+08
-9.5501244016724634e+08
-9.5546104691900301e+08
-9.5501244016724634e+08
-4.3603152417182627e+09
4.3603152417182627e+09
-2.6852471020098460e+08
2.7022229469771633e+09
-2.6852471020098460e+08
7.8052858149424934e+08
-7.8052858149424934e+08
3.3308400518993763e+10
8.2340737732958412e+08
3.3308400518993763e+10
-1.0216433215814016e+10
1.0216433215814016e+10
-4.9555754812185249e+09
-2.1571465036201854e+09
-4.9555754812185249e+09
-1.2463349735191169e+09
1.2463349735191169e+09
1.3107628724520185e+09
-1.1163845610482912e+09
1.3107628724520185e+09
1.0000000000000000e+00
1.0000000000000000e+00
1.0000000000000000e+00
1.0000000000000000e+00
1.0000000000000000e+00
1.0000000000000000e+00
1.0000000000000000e+00
1.0000000000000000e+00
1.0000000000000000e+00
1.0000000000000000e+00
1.0000000000000000e+00
1.0000000000000000e+00
1.0000000000000000e+00
1.0000000000000000e+00
1.0000000000000000e+00
1.0000000000000000e+00
1.0000000000000000e+00
1.0000000000000000e+00
-8.5100948542871246e+10
4.3458489812493734e+09
-5.7068172346935814e+10
-7.2104537186365185e+09
1.4772359166481731e+09
-7.2104537186365185e+09
3.6386325014289368e+11
9.6526309511785507e+08
1.3674716776109868e+11
1.0075013212387893e+09
-7.3855812436460495e+08
1.0075013212387893e+09
-6.3194661929423615e+10
5.3370863537261047e+10
-1.2081020225507927e+10
-3.9812200196211023e+09
1.0206260264600674e+10
-3.9812200196211023e+09
-9.3191303978851532e+10
-1.0469616424162718e+10
-6.0726230264838699e+10
8.3547915473502073e+09
1.6330673717830753e+08
8.3547915473502073e+09
-3.0269107903614185e+10
-4.5305133366021896e+10
3.2891001225506506e+09
2.2388585466400490e+09
1.1072568347736925e+10
2.2388585466400490e+09
4.3458489812494011e+09
1.2417413925763014e+10
4.3458489812494011e+09
9.6526309511787415e+08
5.5061259197745874e+11
9.6526309511787415e+08
5.3370863537261024e+10
-1.6130745944604962e+11
5.3370863537261024e+10
-1.0469616424162708e+10
3.6506216245451355e+09
-1.0469616424162708e+10
-4.5305133366021889e+10
-1.2834655508289948e+11
-4.5305133366021889e+10
-5.7068172346935814e+10
4.3458489812493734e+09
-8.5100948542871246e+10
7.2104537186365185e+09
-1.4772359166481731e+09
7.2104537186365185e+09
1.3674716776109868e+11
9.6526309511785507e+08
3.6386325014289368e+11
-1.0075013212387893e+09
7.3855812436460495e+08
-1.0075013212387893e+09
-1.2081020225507927e+10
5.3370863537261047e+10
-6.3194661929423615e+10
3.9812200196211023e+09
-1.0206260264600674e+10
3.9812200196211023e+09
-6.0726230264838699e+10
-1.0469616424162718e+10
-9.3191303978851532e+10
-8.3547915473502073e+09
-1.6330673717830753e+08
-8.3547915473502073e+09
3.2891001225506506e+09
-4.5305133366021896e+10
-3.0269107903614185e+10
-2.2388585466400490e+09
-1.1072568347736925e+10
-2.2388585466400490e+09
6.8950199384518204e+09
-6.8950199384518204e+09
-2.6462244296973352e+09
-1.6250752072668427e+08
-2.6462244296973352e+09
1.0075013212387885e+09
-1.0075013212387885e+09
3.1683099008905331e+10
2.7150564159818649e+07
3.1683099008905331e+10
4.8811732131423302e+09
-4.8811732131423302e+09
-2.2736027791005659e+09
2.6277524066148605e+09
-2.2736027791005659e+09
-8.2449655308149347e+09
8.2449655308149347e+09
-2.4077002697193351e+09
-8.3981734679717898e+08
-2.4077002697193351e+09
-4.5686416822366333e+09
4.5686416822366333e+09
-1.0781930348269570e+08
-1.4209640591604123e+09
-1.0781930348269570e+08
5.3615559519418967e+08
-5.3615559519418967e+08
5.2894399223329216e+08
2.1734429955219512e+09
5.2894399223329216e+08
-7.3855812436460876e+08
7.3855812436460876e+08
2.7150564159818649e+07
6.6291104617389526e+10
2.7150564159818649e+07
-1.1547531840540257e+10
1.1547531840540257e+10
2.7526140993480215e+09
-8.8107286579867973e+09
2.7526140993480215e+09
-1.2539803911294045e+09
1.2539803911294045e+09
-4.3422802144050592e+08
1.5314355969769120e+09
-4.3422802144050592e+08
-9.1351657285500755e+09
9.1351657285500755e+09
-2.7261186156516228e+09
-4.7939883456865015e+09
-2.7261186156516228e+09
6.8950199384518204e+09
-6.8950199384518204e+09
-2.6462244296973352e+09
-1.6250752072668427e+08
-2.6462244296973352e+09
1.0075013212387885e+09
-1.0075013212387885e+09
3.1683099008905331e+10
2.7150564159818649e+07
3.1683099008905331e+10
4.8811732131423302e+09
-4.8811732131423302e+09
-2.2736027791005659e+09
2.6277524066148605e+09
-2.2736027791005659e+09
-8.2449655308149347e+09
8.2449655308149347e+09
-2.4077002697193351e+09
-8.3981734679717898e+08
-2.4077002697193351e+09
-4.5686416822366333e+09
4.5686416822366333e+09
-1.0781930348269570e+08
-1.4209640591604123e+09
-1.0781930348269570e+08
-5.4227437875273270e+10
-5.2210872390733910e+10
-2.0501704858388302e+10
-5.5853628736456766e+09
-6.7896674968717813e+09
-5.5853628736456766e+09
-6.3194661929423630e+10
5.3370863537261032e+10
-1.2081020225507942e+10
4.8811732131423321e+09
-1.1547531840540255e+10
4.8811732131423321e+09
4.1712712826561407e+11
-2.2459524894397923e+10
1.7549936550968610e+11
5.0000394437122059e+08
1.4305777914316273e+08
5.0000394437122059e+08
-1.5771058843663965e+11
5.1887887140875931e+10
-8.6072623363243683e+10
-8.5903338572971478e+09
4.7473247498700790e+09
-8.5903338572971478e+09
-1.2131440342528915e+11
-2.7858672954661503e+10
-7.0676405253593323e+10
9.6136392718867741e+09
2.5904712007111320e+09
9.6136392718867741e+09
-2.0680036598988415e+10
-2.7296804383436451e+09
1.3832388191047144e+10
-8.1911969845751500e+08
1.0856345607687675e+10
-8.1911969845751500e+08
-5.2210872390733917e+10
-8.1372821515920349e+10
-5.2210872390733917e+10
5.3370863537261032e+10
-1.6130745944604962e+11
5.3370863537261032e+10
-2.2459524894397934e+10
5.2576486526642401e+11
-2.2459524894397934e+10
5.1887887140875946e+10
-8.7798226539835190e+10
5.1887887140875946e+10
-2.7858672954661499e+10
-4.2390782858681183e+10
-2.7858672954661499e+10
-2.7296804383436298e+09
-1.5289557490593768e+11
-2.7296804383436298e+09
-2.0501704858388302e+10
-5.2210872390733910e+10
-5.4227437875273270e+10
5.5853628736456766e+09
6.7896674968717813e+09
5.5853628736456766e+09
-1.2081020225507942e+10
5.3370863537261032e+10
-6.3194661929423630e+10
-4.8811732131423321e+09
1.1547531840540255e+10
-4.8811732131423321e+09
1.7549936550968610e+11
-2.2459524894397923e+10
4.1712712826561407e+11
-5.0000394437122059e+08
-1.4305777914316273e+08
-5.0000394437122059e+08
-8.6072623363243683e+10
5.1887887140875931e+10
-1.5771058843663965e+11
8.5903338572971478e+09
-4.7473247498700790e+09
8.5903338572971478e+09
-7.0676405253593323e+10
-2.7858672954661503e+10
-1.2131440342528915e+11
-9.6136392718867741e+09
-2.5904712007111320e+09
-9.6136392718867741e+09
1.3832388191047144e+10
-2.7296804383436451e+09
-2.0680036598988415e+10
8.1911969845751500e+08
-1.0856345607687675e+10
8.1911969845751500e+08
3.7883257671326957e+09
-3.7883257671326957e+09
-1.7128370808928688e+09
-3.0950578606258936e+09
-1.7128370808928688e+09
-3.9812200196211023e+09
3.9812200196211023e+09
-2.2736027791005659e+09
2.7526140993480215e+09
-2.2736027791005659e+09
5.0000394437121964e+08
-5.0000394437121964e+08
3.1260615624296127e+10
-1.4864301350356126e+09
3.1260615624296127e+10
8.6408847893636513e+09
-8.6408847893636513e+09
-8.1181803910365238e+09
3.0408863700487709e+09
-8.1181803910365238e+09
-7.8735212232419262e+09
7.8735212232419262e+09
-5.0400817151891975e+09
-1.5293189308226609e+09
-5.0400817151891975e+09
-1.0744732580045424e+09
1.0744732580045424e+09
8.8099444824771464e+07
3.1730645708737183e+08
8.8099444824771464e+07
7.1250164519031343e+09
-7.1250164519031343e+09
-2.4640457172463903e+09
-3.6204083545913873e+09
-2.4640457172463903e+09
1.0206260264600676e+10
-1.0206260264600676e+10
2.6277524066148591e+09
-8.8107286579867973e+09
2.6277524066148591e+09
1.4305777914315987e+08
-1.4305777914315987e+08
-1.4864301350356121e+09
5.8091878686233360e+10
-1.4864301350356121e+09
-5.0599822444805317e+09
5.0599822444805317e+09
2.9835666444465013e+09
-7.1212884442695694e+09
2.9835666444465013e+09
-3.3763888286480455e+09
3.3763888286480455e+09
-1.1436998491962171e+09
-2.8527655458084373e+09
-1.1436998491962171e+09
-9.0379634225183945e+09
9.0379634225183945e+09
-5.1714334958313942e+08
-7.2786614777736959e+09
-5.1714334958313942e+08
3.7883257671326957e+09
-3.7883257671326957e+09
-1.7128370808928688e+09
-3.0950578606258936e+09
-1.7128370808928688e+09
-3.9812200196211023e+09
3.9812200196211023e+09
-2.2736027791005659e+09
2.7526140993480215e+09
-2.2736027791005659e+09
5.0000394437121964e+08
-5.0000394437121964e+08
3.1260615624296127e+10
-1.4864301350356126e+09
3.1260615624296127e+10
8.6408847893636513e+09
-8.6408847893636513e+09
-8.1181803910365238e+09
3.0408863700487709e+09
-8.1181803910365238e+09
-7.8735212232419262e+09
7.8735212232419262e+09
-5.0400817151891975e+09
-1.5293189308226609e+09
-5.0400817151891975e+09
-1.0744732580045424e+09
1.0744732580045424e+09
8.8099444824771464e+07
3.1730645708737183e+08
8.8099444824771464e+07
-2.2797730147528221e+10
-1.0993910121029835e+09
1.3962680980156744e+10
9.0750538817489517e+08
-1.1094706256418112e+10
9.0750538817489517e+08
-1.2946035724822089e+11
-3.7497947684774071e+10
-7.3903521029124023e+10
-1.0216433215814014e+10
-5.7852399178825626e+09
-1.0216433215814014e+10
-1.5771058843663965e+11
5.1887887140875931e+10
-8.6072623363243683e+10
8.6408847893636513e+09
-5.0599822444805307e+09
8.6408847893636513e+09
4.2562606796397345e+11
7.9497185780375457e+08
1.8146986160985825e+11
-2.2307111077086382e+09
3.1378215396791587e+09
-2.2307111077086382e+09
-4.0881848981764084e+10
4.5111474251308151e+10
-6.8762601427522564e+09
-5.1313885142086897e+09
1.1019853200459200e+10
-5.1313885142086897e+09
-7.4775543149820648e+10
-5.9196994553110779e+10
-2.8580138054895004e+10
8.0301426601927900e+09
7.7822536786428442e+09
8.0301426601927900e+09
-1.0993910121029778e+09
-1.6131313948077045e+11
-1.0993910121029778e+09
-3.7497947684774078e+10
-5.3784906508189278e+10
-3.7497947684774078e+10
5.1887887140875916e+10
-8.7798226539835190e+10
5.1887887140875916e+10
7.9497185780374908e+08
5.2299851126521655e+11
7.9497185780374908e+08
4.5111474251308151e+10
-1.0963918778748135e+11
4.5111474251308151e+10
-5.9196994553110771e+10
-1.1046305094894029e+11
-5.9196994553110771e+10
1.3962680980156744e+10
-1.0993910121029835e+09
-2.2797730147528221e+10
-9.0750538817489517e+08
1.1094706256418112e+10
-9.0750538817489517e+08
-7.3903521029124023e+10
-3.7497947684774071e+10
-1.2946035724822089e+11
1.0216433215814014e+10
5.7852399178825626e+09
1.0216433215814014e+10
-8.6072623363243683e+10
5.1887887140875931e+10
-1.5771058843663965e+11
-8.6408847893636513e+09
5.0599822444805307e+09
-8.6408847893636513e+09
1.8146986160985825e+11
7.9497185780375457e+08
4.2562606796397345e+11
2.2307111077086382e+09
-3.1378215396791587e+09
2.2307111077086382e+09
-6.8762601427522564e+09
4.5111474251308151e+10
-4.0881848981764084e+10
5.1313885142086897e+09
-1.1019853200459200e+10
5.1313885142086897e+09
-2.8580138054895004e+10
-5.9196994553110779e+10
-7.4775543149820648e+10
-8.0301426601927900e+09
-7.7822536786428442e+09
-8.0301426601927900e+09
1.1178192134091480e+09
-1.1178192134091480e+09
-3.6208872515155613e+07
4.6759420547218835e+08
-3.6208872515155613e+07
9.6321498996540470e+09
-9.6321498996540470e+09
-4.9555754812185240e+09
-1.2519196018422248e+09
-4.9555754812185240e+09
-8.5903338572971497e+09
8.5903338572971497e+09
-8.1181803910365267e+09
2.9835666444464998e+09
-8.1181803910365267e+09
-2.2307111077086391e+09
2.2307111077086391e+09
3.2998142453730911e+10
-2.0079859052439272e+08
3.2998142453730911e+10
4.0532339239296260e+09
-4.0532339239296260e+09
-3.5624186397772932e+08
1.6132018589333568e+09
-3.5624186397772932e+08
-3.9821580719870305e+09
3.9821580719870305e+09
-2.8380652459951963e+09
-3.6116445164854288e+09
-2.8380652459951963e+09
9.4482990115339165e+09
-9.4482990115339165e+09
-4.1220185610088241e+08
-7.9424215379968815e+09
-4.1220185610088241e+08
2.5018029147062731e+09
-2.5018029147062731e+09
-2.1571465036201868e+09
-3.8527447287993836e+09
-2.1571465036201868e+09
4.7473247498700790e+09
-4.7473247498700790e+09
3.0408863700487700e+09
-7.1212884442695694e+09
3.0408863700487700e+09
3.1378215396791635e+09
-3.1378215396791635e+09
-2.0079859052439308e+08
6.0667069797269768e+10
-2.0079859052439308e+08
-9.3318240483804092e+09
9.3318240483804092e+09
1.4808736328414178e+09
-2.9511936823726707e+09
1.4808736328414178e+09
-1.0503424167409019e+10
1.0503424167409019e+10
-1.7516130526447272e+09
-5.4116802058557005e+09
-1.7516130526447272e+09
1.1178192134091480e+09
-1.1178192134091480e+09
-3.6208872515155613e+07
4.6759420547218835e+08
-3.6208872515155613e+07
9.6321498996540470e+09
-9.6321498996540470e+09
-4.9555754812185240e+09
-1.2519196018422248e+09
-4.9555754812185240e+09
-8.5903338572971497e+09
8.5903338572971497e+09
-8.1181803910365267e+09
2.9835666444464998e+09
-8.1181803910365267e+09
-2.2307111077086391e+09
2.2307111077086391e+09
3.2998142453730911e+10
-2.0079859052439272e+08
3.2998142453730911e+10
4.0532339239296260e+09
-4.0532339239296260e+09
-3.5624186397772932e+08
1.6132018589333568e+09
-3.5624186397772932e+08
-3.9821580719870305e+09
3.9821580719870305e+09
-2.8380652459951963e+09
-3.6116445164854288e+09
-2.8380652459951963e+09
