78	78	1410
0
36
54
90
120
150
180
198
207
225
240
255
270
271
272
273
274
275
276
277
278
279
280
281
282
312
327
357
382
407
432
474
495
537
572
607
642
690
714
762
802
842
882
912
927
957
982
1007
1032
1033
1034
1035
1036
1037
1038
1039
1040
1041
1042
1043
1044
1045
1046
1047
1048
1049
1050
1080
1095
1125
1150
1175
1200
1242
1263
1305
1340
1375
1410
36
37
38
39
40
41
72
73
74
75
76
77
78
79
80
81
82
83
84
85
86
87
88
89
114
115
116
117
118
119
120
121
122
123
124
125
36
37
38
72
73
74
78
79
80
84
85
86
114
115
116
120
121
122
36
37
38
39
40
41
72
73
74
75
76
77
78
79
80
81
82
83
84
85
86
87
88
89
114
115
116
117
118
119
120
121
122
123
124
125
36
38
39
40
41
72
74
75
76
77
78
80
81
82
83
84
86
87
88
89
114
116
117
118
119
120
122
123
124
125
36
38
39
40
41
72
74
75
76
77
78
80
81
82
83
84
86
87
88
89
114
116
117
118
119
120
122
123
124
125
36
38
39
40
41
72
74
75
76
77
78
80
81
82
83
84
86
87
88
89
114
116
117
118
119
120
122
123
124
125
78
79
80
81
82
83
84
85
86
87
88
89
120
121
122
123
124
125
78
79
80
84
85
86
120
121
122
78
79
80
81
82
83
84
85
86
87
88
89
120
121
122
123
124
125
78
80
81
82
83
84
86
87
88
89
120
122
123
124
125
78
80
81
82
83
84
86
87
88
89
120
122
123
124
125
78
80
81
82
83
84
86
87
88
89
120
122
123
124
125
90
91
92
93
94
95
96
97
98
99
100
101
60
61
62
63
64
65
102
103
104
105
106
107
108
109
110
111
112
113
144
145
146
147
148
149
150
151
152
153
154
155
60
61
62
102
103
104
108
109
110
144
145
146
150
151
152
60
61
62
63
64
65
102
103
104
105
106
107
108
109
110
111
112
113
144
145
146
147
148
149
150
151
152
153
154
155
60
62
63
64
65
102
104
105
106
107
108
110
111
112
113
144
146
147
148
149
150
152
153
154
155
60
62
63
64
65
102
104
105
106
107
108
110
111
112
113
144
146
147
148
149
150
152
153
154
155
60
62
63
64
65
102
104
105
106
107
108
110
111
112
113
144
146
147
148
149
150
152
153
154
155
60
61
62
63
64
65
66
67
68
69
70
71
102
103
104
105
106
107
108
109
110
111
112
113
114
115
116
117
118
119
150
151
152
153
154
155
156
157
158
159
160
161
60
61
62
66
67
68
102
103
104
108
109
110
114
115
116
150
151
152
156
157
158
60
61
62
63
64
65
66
67
68
69
70
71
102
103
104
105
106
107
108
109
110
111
112
113
114
115
116
117
118
119
150
151
152
153
154
155
156
157
158
159
160
161
60
62
63
64
65
66
68
69
70
71
102
104
105
106
107
108
110
111
112
113
114
116
117
118
119
150
152
153
154
155
156
158
159
160
161
60
62
63
64
65
66
68
69
70
71
102
104
105
106
107
108
110
111
112
113
114
116
117
118
119
150
152
153
154
155
156
158
159
160
161
60
62
63
64
65
66
68
69
70
71
102
104
105
106
107
108
110
111
112
113
114
116
117
118
119
150
152
153
154
155
156
158
159
160
161
66
67
68
69
70
71
72
73
74
75
76
77
78
79
80
81
82
83
108
109
110
111
112
113
114
115
116
117
118
119
120
121
122
123
124
125
156
157
158
159
160
161
162
163
164
165
166
167
66
67
68
72
73
74
78
79
80
108
109
110
114
115
116
120
121
122
156
157
158
162
163
164
66
67
68
69
70
71
72
73
74
75
76
77
78
79
80
81
82
83
108
109
110
111
112
113
114
115
116
117
118
119
120
121
122
123
124
125
156
157
158
159
160
161
162
163
164
165
166
167
66
68
69
70
71
72
74
75
76
77
78
80
81
82
83
108
110
111
112
113
114
116
117
118
119
120
122
123
124
125
156
158
159
160
161
162
164
165
166
167
66
68
69
70
71
72
74
75
76
77
78
80
81
82
83
108
110
111
112
113
114
116
117
118
119
120
122
123
124
125
156
158
159
160
161
162
164
165
166
167
66
68
69
70
71
72
74
75
76
77
78
80
81
82
83
108
110
111
112
113
114
116
117
118
119
120
122
123
124
125
156
158
159
160
161
162
164
165
166
167
78
79
80
81
82
83
84
85
86
87
88
89
114
115
116
117
118
119
120
121
122
123
124
125
162
163
164
165
166
167
78
79
80
84
85
86
114
115
116
120
121
122
162
163
164
78
79
80
81
82
83
84
85
86
87
88
89
114
115
116
117
118
119
120
121
122
123
124
125
162
163
164
165
166
167
78
80
81
82
83
84
86
87
88
89
114
116
117
118
119
120
122
123
124
125
162
164
165
166
167
78
80
81
82
83
84
86
87
88
89
114
116
117
118
119
120
122
123
124
125
162
164
165
166
167
78
80
81
82
83
84
86
87
88
89
114
116
117
118
119
120
122
123
124
125
162
164
165
166
167
126
127
128
129
130
131
132
133
134
135
136
137
138
139
140
141
142
143
102
103
104
105
106
107
144
145
146
147
148
149
150
151
152
153
154
155
174
175
176
177
178
179
192
193
194
195
196
197
102
103
104
144
145
146
150
151
152
174
175
176
192
193
194
102
103
104
105
106
107
144
145
146
147
148
149
150
151
152
153
154
155
174
175
176
177
178
179
192
193
194
195
196
197
102
104
105
106
107
144
146
147
148
149
150
152
153
154
155
174
176
177
178
179
192
194
195
196
197
102
104
105
106
107
144
146
147
148
149
150
152
153
154
155
174
176
177
178
179
192
194
195
196
197
102
104
105
106
107
144
146
147
148
149
150
152
153
154
155
174
176
177
178
179
192
194
195
196
197
102
103
104
105
106
107
108
109
110
111
112
113
144
145
146
147
148
149
150
151
152
153
154
155
156
157
158
159
160
161
192
193
194
195
196
197
198
199
200
201
202
203
102
103
104
108
109
110
144
145
146
150
151
152
156
157
158
192
193
194
198
199
200
102
103
104
105
106
107
108
109
110
111
112
113
144
145
146
147
148
149
150
151
152
153
154
155
156
157
158
159
160
161
192
193
194
195
196
197
198
199
200
201
202
203
102
104
105
106
107
108
110
111
112
113
144
146
147
148
149
150
152
153
154
155
156
158
159
160
161
192
194
195
196
197
198
200
201
202
203
102
104
105
106
107
108
110
111
112
113
144
146
147
148
149
150
152
153
154
155
156
158
159
160
161
192
194
195
196
197
198
200
201
202
203
102
104
105
106
107
108
110
111
112
113
144
146
147
148
149
150
152
153
154
155
156
158
159
160
161
192
194
195
196
197
198
200
201
202
203
-8.3967399250083618e+09
-2.2735568568658955e+10
1.6796672315229485e+10
-1.2463349735191171e+09
-1.0151020021126957e+10
-1.2463349735191171e+09
-4.0881848981764084e+10
4.5111474251308136e+10
-6.8762601427522573e+09
4.0532339239296269e+09
-9.3318240483804092e+09
4.0532339239296269e+09
3.5671942322572485e+11
6.9540609326637650e+09
1.3615506374678023e+11
8.0434870487319946e+07
-1.6557229453291969e+09
8.0434870487319946e+07
-3.1544260880921410e+10
2.1584058886695522e+10
8.5873298441686497e+09
-1.3203142982214787e+09
1.0923073466350407e+10
-1.3203142982214787e+09
-7.9777828990333191e+10
6.7735636572512760e+09
-5.4724833766942383e+10
7.8814250467798986e+09
-2.0704062864330077e+09
7.8814250467798986e+09
-5.6528792381901001e+10
-5.8813046617701233e+10
-1.6742507681588831e+10
4.2654743995639925e+09
1.2085783380691048e+10
4.2654743995639925e+09
-2.2735568568658947e+10
-1.2500944047360779e+11
-2.2735568568658947e+10
4.5111474251308167e+10
-1.0963918778748135e+11
4.5111474251308167e+10
6.9540609326637573e+09
5.2802340547289648e+11
6.9540609326637573e+09
2.1584058886695526e+10
-1.6279500317652136e+11
2.1584058886695526e+10
6.7735636572512712e+09
1.8543084866152283e+10
6.7735636572512712e+09
-5.8813046617701233e+10
-1.1088236054938377e+11
-5.8813046617701233e+10
1.6796672315229485e+10
-2.2735568568658955e+10
-8.3967399250083618e+09
1.2463349735191171e+09
1.0151020021126957e+10
1.2463349735191171e+09
-6.8762601427522573e+09
4.5111474251308136e+10
-4.0881848981764084e+10
-4.0532339239296269e+09
9.3318240483804092e+09
-4.0532339239296269e+09
1.3615506374678023e+11
6.9540609326637650e+09
3.5671942322572485e+11
-8.0434870487319946e+07
1.6557229453291969e+09
-8.0434870487319946e+07
8.5873298441686497e+09
2.1584058886695522e+10
-3.1544260880921410e+10
1.3203142982214787e+09
-1.0923073466350407e+10
1.3203142982214787e+09
-5.4724833766942383e+10
6.7735636572512760e+09
-7.9777828990333191e+10
-7.8814250467798986e+09
2.0704062864330077e+09
-7.8814250467798986e+09
-1.6742507681588831e+10
-5.8813046617701233e+10
-5.6528792381901001e+10
-4.2654743995639925e+09
-1.2085783380691048e+10
-4.2654743995639925e+09
2.0843713323953216e+09
-2.0843713323953216e+09
1.3107628724520175e+09
-6.9876688251533175e+08
1.3107628724520175e+09
-5.1313885142086906e+09
5.1313885142086906e+09
-3.5624186397772920e+08
1.4808736328414183e+09
-3.5624186397772920e+08
8.0434870487318039e+07
-8.0434870487318039e+07
3.5153923483191345e+10
3.6258899452006340e+08
3.5153923483191345e+10
2.5430843926634994e+09
-2.5430843926634994e+09
-3.8449104013824683e+08
6.4892310858998919e+08
-3.8449104013824683e+08
-7.8735761603838501e+09
7.8735761603838501e+09
-1.1464990996917741e+09
-4.8311421674350297e+08
-1.1464990996917741e+09
-7.1346035338515339e+09
7.1346035338515339e+09
-1.2809825349527333e+09
-1.3131793665530145e+09
-1.2809825349527333e+09
1.0833323768656281e+10
-1.0833323768656281e+10
-1.1163845610482919e+09
-2.3618707574480047e+09
-1.1163845610482919e+09
1.1019853200459202e+10
-1.1019853200459202e+10
1.6132018589333575e+09
-2.9511936823726683e+09
1.6132018589333575e+09
-1.6557229453291931e+09
1.6557229453291931e+09
3.6258899452006292e+08
7.1906749843151108e+10
3.6258899452006292e+08
-1.2765147109138184e+10
1.2765147109138184e+10
1.0556607595783370e+09
-6.7527472152380486e+09
1.0556607595783370e+09
-2.7234672997289658e+07
2.7234672997289658e+07
3.8650018442533410e+08
3.2748220458784094e+09
3.8650018442533410e+08
-9.1913296440399761e+09
9.1913296440399761e+09
-3.1135601113360033e+09
-3.4559736175978227e+09
-3.1135601113360033e+09
2.0843713323953216e+09
-2.0843713323953216e+09
1.3107628724520175e+09
-6.9876688251533175e+08
1.3107628724520175e+09
-5.1313885142086906e+09
5.1313885142086906e+09
-3.5624186397772920e+08
1.4808736328414183e+09
-3.5624186397772920e+08
8.0434870487318039e+07
-8.0434870487318039e+07
3.5153923483191345e+10
3.6258899452006340e+08
3.5153923483191345e+10
2.5430843926634994e+09
-2.5430843926634994e+09
-3.8449104013824683e+08
6.4892310858998919e+08
-3.8449104013824683e+08
-7.8735761603838501e+09
7.8735761603838501e+09
-1.1464990996917741e+09
-4.8311421674350297e+08
-1.1464990996917741e+09
-7.1346035338515339e+09
7.1346035338515339e+09
-1.2809825349527333e+09
-1.3131793665530145e+09
-1.2809825349527333e+09
-3.1544260880921406e+10
2.1584058886695522e+10
8.5873298441686649e+09
2.5430843926634998e+09
-1.2765147109138186e+10
2.5430843926634998e+09
3.9460967068674164e+11
3.4757063404934570e+10
1.5532333168022836e+11
-1.4586894119656687e+09
-6.4264567140049648e+08
-1.4586894119656687e+09
-1.2054458025686395e+11
6.0552431107777414e+09
-7.3589962287180405e+10
9.0845232508697090e+09
3.4039310133306670e+08
9.0845232508697090e+09
2.1584058886695526e+10
-1.6279500317652136e+11
2.1584058886695526e+10
3.4757063404934547e+10
5.5762090960603455e+11
3.4757063404934547e+10
6.0552431107777433e+09
-2.3198260629919556e+10
6.0552431107777433e+09
8.5873298441686649e+09
2.1584058886695522e+10
-3.1544260880921406e+10
-2.5430843926634998e+09
1.2765147109138186e+10
-2.5430843926634998e+09
1.5532333168022836e+11
3.4757063404934570e+10
3.9460967068674164e+11
1.4586894119656687e+09
6.4264567140049648e+08
1.4586894119656687e+09
-7.3589962287180405e+10
6.0552431107777414e+09
-1.2054458025686395e+11
-9.0845232508697090e+09
-3.4039310133306670e+08
-9.0845232508697090e+09
-1.3203142982214782e+09
1.3203142982214782e+09
-3.8449104013824731e+08
1.0556607595783364e+09
-3.8449104013824731e+08
-1.4586894119656687e+09
1.4586894119656687e+09
3.1222871822764069e+10
2.0963045074565716e+09
3.1222871822764069e+10
-8.0358811610530214e+09
8.0358811610530214e+09
-5.0390950594758034e+09
5.5009636549385262e+08
-5.0390950594758034e+09
1.0923073466350409e+10
-1.0923073466350409e+10
6.4892310858999002e+08
-6.7527472152380486e+09
6.4892310858999002e+08
-6.4264567140049553e+08
6.4264567140049553e+08
2.0963045074565701e+09
6.3146873014859787e+10
2.0963045074565701e+09
2.0541119295537281e+09
-2.0541119295537281e+09
-1.8827959241899121e+08
-1.5076418973950202e+09
-1.8827959241899121e+08
-1.3203142982214782e+09
1.3203142982214782e+09
-3.8449104013824731e+08
1.0556607595783364e+09
-3.8449104013824731e+08
-1.4586894119656687e+09
1.4586894119656687e+09
3.1222871822764069e+10
2.0963045074565716e+09
3.1222871822764069e+10
-8.0358811610530214e+09
8.0358811610530214e+09
-5.0390950594758034e+09
5.5009636549385262e+08
-5.0390950594758034e+09
1.0000000000000000e+00
1.0000000000000000e+00
1.0000000000000000e+00
1.0000000000000000e+00
1.0000000000000000e+00
1.0000000000000000e+00
1.0000000000000000e+00
1.0000000000000000e+00
1.0000000000000000e+00
1.0000000000000000e+00
1.0000000000000000e+00
1.0000000000000000e+00
-9.3191303978851532e+10
-1.0469616424162712e+10
-6.0726230264838699e+10
-8.2449655308149357e+09
-1.2539803911294045e+09
-8.2449655308149357e+09
3.5985356565974506e+11
2.7605266605775043e+10
1.3229378729747217e+11
6.2735832462388754e+07
9.6744749023749161e+08
6.2735832462388754e+07
-2.6124761166891903e+10
4.7726308334286751e+10
1.1037956084917271e+09
-4.0486839139023905e+09
9.5120949548983898e+09
-4.0486839139023905e+09
-7.9408869664958282e+10
-1.0881041831244200e+10
-5.4176185113133102e+10
7.3170055202882433e+09
8.4012017045070124e+08
7.3170055202882433e+09
-6.3004199823632141e+10
-5.3523894213389046e+10
-8.4979152336967964e+09
4.9889289888222160e+09
1.3161392701300064e+10
4.9889289888222160e+09
-1.0469616424162725e+10
3.6506216245450916e+09
-1.0469616424162725e+10
2.7605266605775055e+10
5.6112933546244580e+11
2.7605266605775055e+10
4.7726308334286758e+10
-1.0100835437337555e+11
4.7726308334286758e+10
-1.0881041831244202e+10
1.6793771995357510e+10
-1.0881041831244202e+10
-5.3523894213389053e+10
-1.8078411647322894e+11
-5.3523894213389053e+10
-6.0726230264838699e+10
-1.0469616424162712e+10
-9.3191303978851532e+10
8.2449655308149357e+09
1.2539803911294045e+09
8.2449655308149357e+09
1.3229378729747217e+11
2.7605266605775043e+10
3.5985356565974506e+11
-6.2735832462388754e+07
-9.6744749023749161e+08
-6.2735832462388754e+07
1.1037956084917271e+09
4.7726308334286751e+10
-2.6124761166891903e+10
4.0486839139023905e+09
-9.5120949548983898e+09
4.0486839139023905e+09
-5.4176185113133102e+10
-1.0881041831244200e+10
-7.9408869664958282e+10
-7.3170055202882433e+09
-8.4012017045070124e+08
-7.3170055202882433e+09
-8.4979152336967964e+09
-5.3523894213389046e+10
-6.3004199823632141e+10
-4.9889289888222160e+09
-1.3161392701300064e+10
-4.9889289888222160e+09
8.3547915473502073e+09
-8.3547915473502073e+09
-2.4077002697193360e+09
-4.3422802144050616e+08
-2.4077002697193360e+09
6.2735832462387919e+07
-6.2735832462387919e+07
3.2627864508189842e+10
1.5644688249670155e+09
3.2627864508189842e+10
4.0757004389544573e+09
-4.0757004389544573e+09
6.5026939298189068e+08
1.8047870798091502e+09
6.5026939298189068e+08
-7.2640110006521969e+09
7.2640110006521969e+09
-1.7356230200626802e+09
-6.1668723577956748e+08
-1.7356230200626802e+09
-4.9460493181894341e+09
4.9460493181894341e+09
-2.0154776210746369e+09
-2.1357455110003710e+09
-2.0154776210746369e+09
1.6330673717830670e+08
-1.6330673717830670e+08
-8.3981734679717898e+08
1.5314355969769120e+09
-8.3981734679717898e+08
9.6744749023749542e+08
-9.6744749023749542e+08
1.5644688249670150e+09
6.9255082528903931e+10
1.5644688249670150e+09
-9.2274820924762993e+09
9.2274820924762993e+09
1.8824379884449935e+09
-2.1776700173184323e+09
1.8824379884449935e+09
-9.0042457056983399e+08
9.0042457056983399e+08
-5.9284982827781010e+08
2.9009833123699684e+09
-5.9284982827781010e+08
-1.3950668054733925e+10
1.3950668054733925e+10
-2.0000426583570700e+09
-8.3620301711939192e+09
-2.0000426583570700e+09
8.3547915473502073e+09
-8.3547915473502073e+09
-2.4077002697193360e+09
-4.3422802144050616e+08
-2.4077002697193360e+09
6.2735832462387919e+07
-6.2735832462387919e+07
3.2627864508189842e+10
1.5644688249670155e+09
3.2627864508189842e+10
4.0757004389544573e+09
-4.0757004389544573e+09
6.5026939298189068e+08
1.8047870798091502e+09
6.5026939298189068e+08
-7.2640110006521969e+09
7.2640110006521969e+09
-1.7356230200626802e+09
-6.1668723577956748e+08
-1.7356230200626802e+09
-4.9460493181894341e+09
4.9460493181894341e+09
-2.0154776210746369e+09
-2.1357455110003710e+09
-2.0154776210746369e+09
-3.0269107903614185e+10
-4.5305133366021896e+10
3.2891001225506482e+09
-4.5686416822366333e+09
-9.1351657285500774e+09
-4.5686416822366333e+09
-1.2131440342528912e+11
-2.7858672954661495e+10
-7.0676405253593277e+10
-7.8735212232419252e+09
-3.3763888286480451e+09
-7.8735212232419252e+09
-2.6124761166891903e+10
4.7726308334286758e+10
1.1037956084917240e+09
4.0757004389544582e+09
-9.2274820924762974e+09
4.0757004389544582e+09
3.7945251383347485e+11
3.7813489025518440e+10
1.4650989906145782e+11
7.7006323813019466e+08
-1.2201648890457249e+09
7.7006323813019466e+08
-3.6553355811378616e+10
5.1831830679215591e+10
-1.2843209140703985e+10
-5.2850481154949627e+09
6.4676879570088692e+09
-5.2850481154949627e+09
-9.0324654583310776e+10
-1.2453933692236250e+10
-5.9104351470547104e+10
8.2458318004797010e+09
7.9240233121644402e+08
8.2458318004797010e+09
-7.4866230942990234e+10
-5.1753888026101120e+10
-8.2788289276558266e+09
4.6356155434091892e+09
1.5699111250494820e+10
4.6356155434091892e+09
-4.5305133366021889e+10
-1.2834655508289943e+11
-4.5305133366021889e+10
-2.7858672954661488e+10
-4.2390782858681190e+10
-2.7858672954661488e+10
4.7726308334286758e+10
-1.0100835437337555e+11
4.7726308334286758e+10
3.7813489025518448e+10
5.5222911833554639e+11
3.7813489025518448e+10
5.1831830679215584e+10
-6.0347542495039986e+10
5.1831830679215584e+10
-1.2453933692236254e+10
4.9236030747801476e+09
-1.2453933692236254e+10
-5.1753888026101128e+10
-2.2505948660033038e+11
-5.1753888026101128e+10
3.2891001225506482e+09
-4.5305133366021896e+10
-3.0269107903614185e+10
4.5686416822366333e+09
9.1351657285500774e+09
4.5686416822366333e+09
-7.0676405253593277e+10
-2.7858672954661495e+10
-1.2131440342528912e+11
7.8735212232419252e+09
3.3763888286480451e+09
7.8735212232419252e+09
1.1037956084917240e+09
4.7726308334286758e+10
-2.6124761166891903e+10
-4.0757004389544582e+09
9.2274820924762974e+09
-4.0757004389544582e+09
1.4650989906145782e+11
3.7813489025518440e+10
3.7945251383347485e+11
-7.7006323813019466e+08
1.2201648890457249e+09
-7.7006323813019466e+08
-1.2843209140703985e+10
5.1831830679215591e+10
-3.6553355811378616e+10
5.2850481154949627e+09
-6.4676879570088692e+09
5.2850481154949627e+09
-5.9104351470547104e+10
-1.2453933692236250e+10
-9.0324654583310776e+10
-8.2458318004797010e+09
-7.9240233121644402e+08
-8.2458318004797010e+09
-8.2788289276558266e+09
-5.1753888026101120e+10
-7.4866230942990234e+10
-4.6356155434091892e+09
-1.5699111250494820e+10
-4.6356155434091892e+09
2.2388585466400485e+09
-2.2388585466400485e+09
-1.0781930348269594e+08
-2.7261186156516223e+09
-1.0781930348269594e+08
9.6136392718867760e+09
-9.6136392718867760e+09
-5.0400817151891975e+09
-1.1436998491962168e+09
-5.0400817151891975e+09
-4.0486839139023895e+09
4.0486839139023895e+09
6.5026939298189068e+08
1.8824379884449935e+09
6.5026939298189068e+08
7.7006323813019466e+08
-7.7006323813019466e+08
3.2972944613720772e+10
2.1453193913962126e+09
3.2972944613720772e+10
3.9289890607976875e+09
-3.9289890607976875e+09
-8.4056337408203274e+07
2.7330677059393554e+09
-8.4056337408203274e+07
-8.0255283980978870e+09
8.0255283980978870e+09
-2.2489114439475384e+09
-8.1963279209543204e+08
-2.2489114439475384e+09
-4.4773378054544287e+09
4.4773378054544287e+09
-3.0795774997559581e+09
-2.0713738288372943e+09
-3.0795774997559581e+09
1.1072568347736923e+10
-1.1072568347736923e+10
-1.4209640591604128e+09
-4.7939883456865015e+09
-1.4209640591604128e+09
2.5904712007111311e+09
-2.5904712007111311e+09
-1.5293189308226614e+09
-2.8527655458084369e+09
-1.5293189308226614e+09
9.5120949548983879e+09
-9.5120949548983879e+09
1.8047870798091505e+09
-2.1776700173184319e+09
1.8047870798091505e+09
-1.2201648890457249e+09
1.2201648890457249e+09
2.1453193913962135e+09
6.7370383309103996e+10
2.1453193913962135e+09
-7.0341962342818623e+09
7.0341962342818623e+09
2.1040808934175615e+09
-1.0106199263578024e+09
2.1040808934175615e+09
-4.8856981367611539e+08
4.8856981367611539e+08
-9.4589274633393288e+08
1.6308565352879210e+09
-9.4589274633393288e+08
-1.4432203566342749e+10
1.4432203566342749e+10
-2.1580116283059211e+09
-1.2040660595382610e+10
-2.1580116283059211e+09
2.2388585466400485e+09
-2.2388585466400485e+09
-1.0781930348269594e+08
-2.7261186156516223e+09
-1.0781930348269594e+08
9.6136392718867760e+09
-9.6136392718867760e+09
-5.0400817151891975e+09
-1.1436998491962168e+09
-5.0400817151891975e+09
-4.0486839139023895e+09
4.0486839139023895e+09
6.5026939298189068e+08
1.8824379884449935e+09
6.5026939298189068e+08
7.7006323813019466e+08
-7.7006323813019466e+08
3.2972944613720772e+10
2.1453193913962126e+09
3.2972944613720772e+10
3.9289890607976875e+09
-3.9289890607976875e+09
-8.4056337408203274e+07
2.7330677059393554e+09
-8.4056337408203274e+07
-8.0255283980978870e+09
8.0255283980978870e+09
-2.2489114439475384e+09
-8.1963279209543204e+08
-2.2489114439475384e+09
-4.4773378054544287e+09
4.4773378054544287e+09
-3.0795774997559581e+09
-2.0713738288372943e+09
-3.0795774997559581e+09
-2.0680036598988411e+10
-2.7296804383436241e+09
1.3832388191047148e+10
-1.0744732580045431e+09
-9.0379634225183945e+09
-1.0744732580045431e+09
-7.4775543149820663e+10
-5.9196994553110794e+10
-2.8580138054895004e+10
-3.9821580719870319e+09
-1.0503424167409019e+10
-3.9821580719870319e+09
-7.9777828990333191e+10
6.7735636572512703e+09
-5.4724833766942383e+10
-7.8735761603838539e+09
-2.7234672997289538e+07
-7.8735761603838539e+09
-3.6553355811378609e+10
5.1831830679215569e+10
-1.2843209140703976e+10
3.9289890607976880e+09
-7.0341962342818632e+09
3.9289890607976880e+09
3.5909892400659253e+11
2.9505635886694633e+10
1.3553971806132642e+11
-6.0750468280184269e+08
3.5694839159481115e+09
-6.0750468280184269e+08
-1.6368680728651327e+10
4.0703124916279503e+10
8.5802792954000235e+09
-3.4215194242016759e+09
1.0449112791943914e+10
-3.4215194242016759e+09
-8.2076461976282028e+10
-1.4677137861632050e+10
-5.4865562930465225e+10
7.6738036216053581e+09
3.5466884404389483e+08
7.6738036216053581e+09
-4.8867016751138351e+10
-5.2210342286354530e+10
-6.9386416547670097e+09
5.3564389149759045e+09
1.2229552945270649e+10
5.3564389149759045e+09
-2.7296804383436260e+09
-1.5289557490593768e+11
-2.7296804383436260e+09
-5.9196994553110786e+10
-1.1046305094894032e+11
-5.9196994553110786e+10
6.7735636572512760e+09
1.8543084866152313e+10
6.7735636572512760e+09
5.1831830679215591e+10
-6.0347542495040001e+10
5.1831830679215591e+10
2.9505635886694626e+10
5.4012111116445630e+11
2.9505635886694626e+10
4.0703124916279495e+10
-1.0768964210664359e+11
4.0703124916279495e+10
-1.4677137861632053e+10
1.0994435037537922e+10
-1.4677137861632053e+10
-5.2210342286354523e+10
-1.3826282061158496e+11
-5.2210342286354523e+10
1.3832388191047148e+10
-2.7296804383436241e+09
-2.0680036598988411e+10
1.0744732580045431e+09
9.0379634225183945e+09
1.0744732580045431e+09
-2.8580138054895004e+10
-5.9196994553110794e+10
-7.4775543149820663e+10
3.9821580719870319e+09
1.0503424167409019e+10
3.9821580719870319e+09
-5.4724833766942383e+10
6.7735636572512703e+09
-7.9777828990333191e+10
7.8735761603838539e+09
2.7234672997289538e+07
7.8735761603838539e+09
-1.2843209140703976e+10
5.1831830679215569e+10
-3.6553355811378609e+10
-3.9289890607976880e+09
7.0341962342818632e+09
-3.9289890607976880e+09
1.3553971806132642e+11
2.9505635886694633e+10
3.5909892400659253e+11
6.0750468280184269e+08
-3.5694839159481115e+09
6.0750468280184269e+08
8.5802792954000235e+09
4.0703124916279503e+10
-1.6368680728651327e+10
3.4215194242016759e+09
-1.0449112791943914e+10
3.4215194242016759e+09
-5.4865562930465225e+10
-1.4677137861632050e+10
-8.2076461976282028e+10
-7.6738036216053581e+09
-3.5466884404389483e+08
-7.6738036216053581e+09
-6.9386416547670097e+09
-5.2210342286354530e+10
-4.8867016751138351e+10
-5.3564389149759045e+09
-1.2229552945270649e+10
-5.3564389149759045e+09
-8.1911969845751572e+08
8.1911969845751572e+08
8.8099444824770987e+07
-5.1714334958313918e+08
8.8099444824770987e+07
8.0301426601927900e+09
-8.0301426601927900e+09
-2.8380652459951959e+09
-1.7516130526447287e+09
-2.8380652459951959e+09
7.8814250467798977e+09
-7.8814250467798977e+09
-1.1464990996917758e+09
3.8650018442533505e+08
-1.1464990996917758e+09
-5.2850481154949627e+09
5.2850481154949627e+09
-8.4056337408202082e+07
2.1040808934175608e+09
-8.4056337408202082e+07
-6.0750468280184174e+08
6.0750468280184174e+08
3.4723538675470779e+10
1.5666848627665191e+09
3.4723538675470779e+10
3.6428630660984302e+09
-3.6428630660984302e+09
1.4077613256569834e+09
1.1321736428546746e+09
1.4077613256569834e+09
-7.9092601053171997e+09
7.9092601053171997e+09
-1.5806515603183687e+09
-1.1085578403243859e+09
-1.5806515603183687e+09
-4.9334981709995975e+09
4.9334981709995975e+09
-7.0936799491163123e+08
-1.8121253409118342e+09
-7.0936799491163123e+08
1.0856345607687677e+10
-1.0856345607687677e+10
3.1730645708737254e+08
-7.2786614777736950e+09
3.1730645708737254e+08
7.7822536786428452e+09
-7.7822536786428452e+09
-3.6116445164854298e+09
-5.4116802058557024e+09
-3.6116445164854298e+09
-2.0704062864330082e+09
2.0704062864330082e+09
-4.8311421674350297e+08
3.2748220458784099e+09
-4.8311421674350297e+08
6.4676879570088692e+09
-6.4676879570088692e+09
2.7330677059393554e+09
-1.0106199263578014e+09
2.7330677059393554e+09
3.5694839159481144e+09
-3.5694839159481144e+09
1.5666848627665176e+09
7.1811882052024536e+10
1.5666848627665176e+09
-1.0746516402733089e+10
1.0746516402733089e+10
1.1918739258639090e+09
-5.4423428281233549e+08
1.1918739258639090e+09
-2.2788326726525917e+09
2.2788326726525917e+09
-3.5080659230086386e+08
2.4541621912347493e+09
-3.5080659230086386e+08
-1.3580015797468815e+10
1.3580015797468815e+10
-1.3633676261273584e+09
-3.5741519810834169e+09
-1.3633676261273584e+09
-8.1911969845751572e+08
8.1911969845751572e+08
8.8099444824770987e+07
-5.1714334958313918e+08
8.8099444824770987e+07
8.0301426601927900e+09
-8.0301426601927900e+09
-2.8380652459951959e+09
-1.7516130526447287e+09
-2.8380652459951959e+09
7.8814250467798977e+09
-7.8814250467798977e+09
-1.1464990996917758e+09
3.8650018442533505e+08
-1.1464990996917758e+09
-5.2850481154949627e+09
5.2850481154949627e+09
-8.4056337408202082e+07
2.1040808934175608e+09
-8.4056337408202082e+07
-6.0750468280184174e+08
6.0750468280184174e+08
3.4723538675470779e+10
1.5666848627665191e+09
3.4723538675470779e+10
3.6428630660984302e+09
-3.6428630660984302e+09
1.4077613256569834e+09
1.1321736428546746e+09
1.4077613256569834e+09
-7.9092601053171997e+09
7.9092601053171997e+09
-1.5806515603183687e+09
-1.1085578403243859e+09
-1.5806515603183687e+09
-4.9334981709995975e+09
4.9334981709995975e+09
-7.0936799491163123e+08
-1.8121253409118342e+09
-7.0936799491163123e+08
-5.6528792381900993e+10
-5.8813046617701233e+10
-1.6742507681588825e+10
-7.1346035338515339e+09
-9.1913296440399780e+09
-7.1346035338515339e+09
-1.2054458025686392e+11
6.0552431107777433e+09
-7.3589962287180389e+10
-8.0358811610530224e+09
2.0541119295537283e+09
-8.0358811610530224e+09
-1.6368680728651337e+10
4.0703124916279495e+10
8.5802792954000187e+09
3.6428630660984297e+09
-1.0746516402733089e+10
3.6428630660984297e+09
3.8299909948355261e+11
1.6605332208343706e+10
1.5456114446053577e+11
2.2129119467145557e+09
-3.7381647654754810e+09
2.2129119467145557e+09
-9.7483476004513977e+10
1.8420037306103508e+09
-6.3199859931862259e+10
9.0759594240546417e+09
6.9143952006343961e+08
9.0759594240546417e+09
-5.8813046617701248e+10
-1.1088236054938377e+11
-5.8813046617701248e+10
6.0552431107777405e+09
-2.3198260629919563e+10
6.0552431107777405e+09
4.0703124916279503e+10
-1.0768964210664357e+11
4.0703124916279503e+10
1.6605332208343727e+10
5.1978114787673279e+11
1.6605332208343727e+10
1.8420037306103420e+09
1.9991701143881874e+09
1.8420037306103420e+09
-1.6742507681588825e+10
-5.8813046617701233e+10
-5.6528792381900993e+10
7.1346035338515339e+09
9.1913296440399780e+09
7.1346035338515339e+09
-7.3589962287180389e+10
6.0552431107777433e+09
-1.2054458025686392e+11
8.0358811610530224e+09
-2.0541119295537283e+09
8.0358811610530224e+09
8.5802792954000187e+09
4.0703124916279495e+10
-1.6368680728651337e+10
-3.6428630660984297e+09
1.0746516402733089e+10
-3.6428630660984297e+09
1.5456114446053577e+11
1.6605332208343706e+10
3.8299909948355261e+11
-2.2129119467145557e+09
3.7381647654754810e+09
-2.2129119467145557e+09
-6.3199859931862259e+10
1.8420037306103508e+09
-9.7483476004513977e+10
-9.0759594240546417e+09
-6.9143952006343961e+08
-9.0759594240546417e+09
4.2654743995639930e+09
-4.2654743995639930e+09
-1.2809825349527326e+09
-3.1135601113360038e+09
-1.2809825349527326e+09
9.0845232508697071e+09
-9.0845232508697071e+09
-5.0390950594758043e+09
-1.8827959241899097e+08
-5.0390950594758043e+09
-3.4215194242016764e+09
3.4215194242016764e+09
1.4077613256569834e+09
1.1918739258639085e+09
1.4077613256569834e+09
2.2129119467145538e+09
-2.2129119467145538e+09
3.3990746910611958e+10
8.3292489309339428e+08
3.3990746910611958e+10
-9.2227644102113438e+09
9.2227644102113438e+09
-2.0663038637293487e+09
3.4719952948864877e+08
-2.0663038637293487e+09
1.2085783380691050e+10
-1.2085783380691050e+10
-1.3131793665530157e+09
-3.4559736175978231e+09
-1.3131793665530157e+09
3.4039310133306730e+08
-3.4039310133306730e+08
5.5009636549385214e+08
-1.5076418973950212e+09
5.5009636549385214e+08
1.0449112791943916e+10
-1.0449112791943916e+10
1.1321736428546760e+09
-5.4423428281233692e+08
1.1321736428546760e+09
-3.7381647654754839e+09
3.7381647654754839e+09
8.3292489309339428e+08
6.7189129868240578e+10
8.3292489309339428e+08
1.9521517429035158e+09
-1.9521517429035158e+09
-6.7729301546627378e+08
1.4400707961063347e+09
-6.7729301546627378e+08
4.2654743995639930e+09
-4.2654743995639930e+09
-1.2809825349527326e+09
-3.1135601113360038e+09
-1.2809825349527326e+09
9.0845232508697071e+09
-9.0845232508697071e+09
-5.0390950594758043e+09
-1.8827959241899097e+08
-5.0390950594758043e+09
-3.4215194242016764e+09
3.4215194242016764e+09
1.4077613256569834e+09
1.1918739258639085e+09
1.4077613256569834e+09
2.2129119467145538e+09
-2.2129119467145538e+09
3.3990746910611958e+10
8.3292489309339428e+08
3.3990746910611958e+10
-9.2227644102113438e+09
9.2227644102113438e+09
-2.0663038637293487e+09
3.4719952948864877e+08
-2.0663038637293487e+09
1.0000000000000000e+00
1.0000000000000000e+00
1.0000000000000000e+00
1.0000000000000000e+00
1.0000000000000000e+00
1.0000000000000000e+00
1.0000000000000000e+00
1.0000000000000000e+00
1.0000000000000000e+00
1.0000000000000000e+00
1.0000000000000000e+00
1.0000000000000000e+00
1.0000000000000000e+00
1.0000000000000000e+00
1.0000000000000000e+00
1.0000000000000000e+00
1.0000000000000000e+00
1.0000000000000000e+00
-7.9408869664958252e+10
-1.0881041831244207e+10
-5.4176185113133072e+10
-7.2640110006521978e+09
-9.0042457056983376e+08
-7.2640110006521978e+09
3.5722204279921521e+11
1.0325439442406372e+10
1.3187422436904776e+11
-2.2443030358478069e+07
8.8516640019577408e+08
-2.2443030358478069e+07
-4.7796831948734390e+10
5.3629426608141335e+10
-7.8678853355421658e+09
-5.9586812858054390e+09
1.0564721942008717e+10
-5.9586812858054390e+09
-9.1395037566533722e+10
-2.9494474422361507e+09
-6.0214342152498375e+10
8.1530243680755024e+09
-8.8754885435174084e+08
8.1530243680755024e+09
-4.7433269545271271e+10
-4.8766551113846527e+10
-3.7211546513310175e+09
5.1676179496264381e+09
1.3120845770917179e+10
5.1676179496264381e+09
-1.0881041831244207e+10
1.6793771995357506e+10
-1.0881041831244207e+10
1.0325439442406374e+10
5.5394220670851245e+11
1.0325439442406374e+10
5.3629426608141342e+10
-1.2914926418249892e+11
5.3629426608141342e+10
-2.9494474422361536e+09
7.2873038026399288e+09
-2.9494474422361536e+09
-4.8766551113846497e+10
-1.5117022188392123e+11
-4.8766551113846497e+10
-5.4176185113133072e+10
-1.0881041831244207e+10
-7.9408869664958252e+10
7.2640110006521978e+09
9.0042457056983376e+08
7.2640110006521978e+09
1.3187422436904776e+11
1.0325439442406372e+10
3.5722204279921521e+11
2.2443030358478069e+07
-8.8516640019577408e+08
2.2443030358478069e+07
-7.8678853355421658e+09
5.3629426608141335e+10
-4.7796831948734390e+10
5.9586812858054390e+09
-1.0564721942008717e+10
5.9586812858054390e+09
-6.0214342152498375e+10
-2.9494474422361507e+09
-9.1395037566533722e+10
-8.1530243680755024e+09
8.8754885435174084e+08
-8.1530243680755024e+09
-3.7211546513310175e+09
-4.8766551113846527e+10
-4.7433269545271271e+10
-5.1676179496264381e+09
-1.3120845770917179e+10
-5.1676179496264381e+09
7.3170055202882433e+09
-7.3170055202882433e+09
-1.7356230200626783e+09
-5.9284982827781010e+08
-1.7356230200626783e+09
-2.2443030358479381e+07
2.2443030358479381e+07
3.2740264141108967e+10
6.1322712888459373e+08
3.2740264141108967e+10
5.0123599599266453e+09
-5.0123599599266453e+09
-5.2750291473307729e+08
2.1445261129105704e+09
-5.2750291473307729e+08
-8.2775060962632122e+09
8.2775060962632122e+09
-2.2593496948905268e+09
-6.3865499421084785e+08
-2.2593496948905268e+09
-4.5009869495966778e+09
4.5009869495966778e+09
-7.5683761366443253e+08
-1.6533213228418729e+09
-7.5683761366443253e+08
8.4012017045070195e+08
-8.4012017045070195e+08
-6.1668723577956700e+08
2.9009833123699694e+09
-6.1668723577956700e+08
8.8516640019577408e+08
-8.8516640019577408e+08
6.1322712888459563e+08
6.9264597799518692e+10
6.1322712888459563e+08
-1.1506089847840588e+10
1.1506089847840588e+10
1.5446780861297636e+09
-4.6238873960243874e+09
1.5446780861297636e+09
-9.2781377331108952e+08
9.2781377331108952e+08
5.1148650999917150e+07
1.8686441669407108e+09
5.1148650999917150e+07
-1.2425329822299971e+10
1.2425329822299971e+10
-1.4805777318829594e+09
-5.1405288741619177e+09
-1.4805777318829594e+09
7.3170055202882433e+09
-7.3170055202882433e+09
-1.7356230200626783e+09
-5.9284982827781010e+08
-1.7356230200626783e+09
-2.2443030358479381e+07
2.2443030358479381e+07
3.2740264141108967e+10
6.1322712888459373e+08
3.2740264141108967e+10
5.0123599599266453e+09
-5.0123599599266453e+09
-5.2750291473307729e+08
2.1445261129105704e+09
-5.2750291473307729e+08
-8.2775060962632122e+09
8.2775060962632122e+09
-2.2593496948905268e+09
-6.3865499421084785e+08
-2.2593496948905268e+09
-4.5009869495966778e+09
4.5009869495966778e+09
-7.5683761366443253e+08
-1.6533213228418729e+09
-7.5683761366443253e+08
-6.3004199823632156e+10
-5.3523894213389038e+10
-8.4979152336967983e+09
-4.9460493181894341e+09
-1.3950668054733925e+10
-4.9460493181894341e+09
-9.0324654583310791e+10
-1.2453933692236256e+10
-5.9104351470547104e+10
-8.0255283980978861e+09
-4.8856981367611587e+08
-8.0255283980978861e+09
-4.7796831948734383e+10
5.3629426608141342e+10
-7.8678853355421619e+09
5.0123599599266443e+09
-1.1506089847840588e+10
5.0123599599266443e+09
3.5913872883995935e+11
2.8979002587408360e+10
1.2772341143620511e+11
8.0894382890201378e+08
1.0145033362876110e+09
8.0894382890201378e+08
-1.9751966031435261e+10
4.8443291446165497e+10
1.3333289144055338e+09
-3.7105642991852989e+09
7.7463344469927826e+09
-3.7105642991852989e+09
-7.3350333007845459e+10
-1.9265643587052448e+10
-5.0059207482164658e+10
7.6219410370987463e+09
1.8345213656921878e+09
7.6219410370987463e+09
-6.4910743445001312e+10
-4.5808249149037430e+10
-3.5273808286599135e+09
3.2388971895452261e+09
1.5349968567278042e+10
3.2388971895452261e+09
-5.3523894213389053e+10
-1.8078411647322897e+11
-5.3523894213389053e+10
-1.2453933692236248e+10
4.9236030747801628e+09
-1.2453933692236248e+10
5.3629426608141342e+10
-1.2914926418249892e+11
5.3629426608141342e+10
2.8979002587408348e+10
5.8426018599264099e+11
2.8979002587408348e+10
4.8443291446165482e+10
-7.9176156632290497e+10
4.8443291446165482e+10
-1.9265643587052444e+10
1.5604902342573244e+10
-1.9265643587052444e+10
-4.5808249149037445e+10
-2.1567915412197614e+11
-4.5808249149037445e+10
-8.4979152336967983e+09
-5.3523894213389038e+10
-6.3004199823632156e+10
4.9460493181894341e+09
1.3950668054733925e+10
4.9460493181894341e+09
-5.9104351470547104e+10
-1.2453933692236256e+10
-9.0324654583310791e+10
8.0255283980978861e+09
4.8856981367611587e+08
8.0255283980978861e+09
-7.8678853355421619e+09
5.3629426608141342e+10
-4.7796831948734383e+10
-5.0123599599266443e+09
1.1506089847840588e+10
-5.0123599599266443e+09
1.2772341143620511e+11
2.8979002587408360e+10
3.5913872883995935e+11
-8.0894382890201378e+08
-1.0145033362876110e+09
-8.0894382890201378e+08
1.3333289144055338e+09
4.8443291446165497e+10
-1.9751966031435261e+10
3.7105642991852989e+09
-7.7463344469927826e+09
3.7105642991852989e+09
-5.0059207482164658e+10
-1.9265643587052448e+10
-7.3350333007845459e+10
-7.6219410370987463e+09
-1.8345213656921878e+09
-7.6219410370987463e+09
-3.5273808286599135e+09
-4.5808249149037430e+10
-6.4910743445001312e+10
-3.2388971895452261e+09
-1.5349968567278042e+10
-3.2388971895452261e+09
4.9889289888222170e+09
-4.9889289888222170e+09
-2.0154776210746365e+09
-2.0000426583570681e+09
-2.0154776210746365e+09
8.2458318004797020e+09
-8.2458318004797020e+09
-2.2489114439475384e+09
-9.4589274633393300e+08
-2.2489114439475384e+09
-5.9586812858054390e+09
5.9586812858054390e+09
-5.2750291473307669e+08
1.5446780861297631e+09
-5.2750291473307669e+08
8.0894382890201664e+08
-8.0894382890201664e+08
3.3302767796309246e+10
1.6717728273849702e+09
3.3302767796309246e+10
3.7710229941736417e+09
-3.7710229941736417e+09
1.0105258700206275e+09
2.0800132458946173e+09
1.0105258700206275e+09
-7.1842566045770779e+09
7.1842566045770779e+09
-8.8661874127932084e+08
-8.7121870735866594e+08
-8.8661874127932084e+08
-4.6717897219950542e+09
4.6717897219950542e+09
-2.4697491478271837e+09
-1.4793100473596880e+09
-2.4697491478271837e+09
1.3161392701300062e+10
-1.3161392701300062e+10
-2.1357455110003715e+09
-8.3620301711939182e+09
-2.1357455110003715e+09
7.9240233121644282e+08
-7.9240233121644282e+08
-8.1963279209543228e+08
1.6308565352879207e+09
-8.1963279209543228e+08
1.0564721942008715e+10
-1.0564721942008715e+10
2.1445261129105721e+09
-4.6238873960243874e+09
2.1445261129105721e+09
1.0145033362876129e+09
-1.0145033362876129e+09
1.6717728273849692e+09
7.1816687528173737e+10
1.6717728273849692e+09
-7.9601605251778345e+09
7.9601605251778345e+09
2.0493303855099273e+09
-1.1869567166814373e+09
2.0493303855099273e+09
-1.7820042581358337e+09
1.7820042581358337e+09
-8.6964692539630306e+08
3.2077097431079454e+09
-8.6964692539630306e+08
-1.5790855527499168e+10
1.5790855527499168e+10
-2.0406040973133640e+09
-1.0152311927733646e+10
-2.0406040973133640e+09
4.9889289888222170e+09
-4.9889289888222170e+09
-2.0154776210746365e+09
-2.0000426583570681e+09
-2.0154776210746365e+09
8.2458318004797020e+09
-8.2458318004797020e+09
-2.2489114439475384e+09
-9.4589274633393300e+08
-2.2489114439475384e+09
-5.9586812858054390e+09
5.9586812858054390e+09
-5.2750291473307669e+08
1.5446780861297631e+09
-5.2750291473307669e+08
8.0894382890201664e+08
-8.0894382890201664e+08
3.3302767796309246e+10
1.6717728273849702e+09
3.3302767796309246e+10
3.7710229941736417e+09
-3.7710229941736417e+09
1.0105258700206275e+09
2.0800132458946173e+09
1.0105258700206275e+09
-7.1842566045770779e+09
7.1842566045770779e+09
-8.8661874127932084e+08
-8.7121870735866594e+08
-8.8661874127932084e+08
-4.6717897219950542e+09
4.6717897219950542e+09
-2.4697491478271837e+09
-1.4793100473596880e+09
-2.4697491478271837e+09
