72	72	1404
0
42
63
105
140
175
210
240
255
285
310
335
360
361
362
363
364
365
366
396
411
441
466
491
516
534
543
561
576
591
606
607
608
609
610
611
612
660
684
732
772
812
852
894
915
957
992
1027
1062
1092
1107
1137
1162
1187
1212
1213
1214
1215
1216
1217
1218
1254
1272
1308
1338
1368
1398
1399
1400
1401
1402
1403
1404
108
109
110
111
112
113
114
115
116
117
118
119
150
151
152
153
154
155
156
157
158
159
160
161
162
163
164
165
166
167
198
199
200
201
202
203
204
205
206
207
208
209
108
109
110
114
115
116
150
151
152
156
157
158
162
163
164
198
199
200
204
205
206
108
109
110
111
112
113
114
115
116
117
118
119
150
151
152
153
154
155
156
157
158
159
160
161
162
163
164
165
166
167
198
199
200
201
202
203
204
205
206
207
208
209
108
110
111
112
113
114
116
117
118
119
150
152
153
154
155
156
158
159
160
161
162
164
165
166
167
198
200
201
202
203
204
206
207
208
209
108
110
111
112
113
114
116
117
118
119
150
152
153
154
155
156
158
159
160
161
162
164
165
166
167
198
200
201
202
203
204
206
207
208
209
108
110
111
112
113
114
116
117
118
119
150
152
153
154
155
156
158
159
160
161
162
164
165
166
167
198
200
201
202
203
204
206
207
208
209
114
115
116
117
118
119
120
121
122
123
124
125
156
157
158
159
160
161
162
163
164
165
166
167
204
205
206
207
208
209
114
115
116
120
121
122
156
157
158
162
163
164
204
205
206
114
115
116
117
118
119
120
121
122
123
124
125
156
157
158
159
160
161
162
163
164
165
166
167
204
205
206
207
208
209
114
116
117
118
119
120
122
123
124
125
156
158
159
160
161
162
164
165
166
167
204
206
207
208
209
114
116
117
118
119
120
122
123
124
125
156
158
159
160
161
162
164
165
166
167
204
206
207
208
209
114
116
117
118
119
120
122
123
124
125
156
158
159
160
161
162
164
165
166
167
204
206
207
208
209
168
169
170
171
172
173
144
145
146
147
148
149
174
175
176
177
178
179
180
181
182
183
184
185
192
193
194
195
196
197
216
217
218
219
220
221
144
145
146
174
175
176
180
181
182
192
193
194
216
217
218
144
145
146
147
148
149
174
175
176
177
178
179
180
181
182
183
184
185
192
193
194
195
196
197
216
217
218
219
220
221
144
146
147
148
149
174
176
177
178
179
180
182
183
184
185
192
194
195
196
197
216
218
219
220
221
144
146
147
148
149
174
176
177
178
179
180
182
183
184
185
192
194
195
196
197
216
218
219
220
221
144
146
147
148
149
174
176
177
178
179
180
182
183
184
185
192
194
195
196
197
216
218
219
220
221
174
175
176
177
178
179
180
181
182
183
184
185
216
217
218
219
220
221
174
175
176
180
181
182
216
217
218
174
175
176
177
178
179
180
181
182
183
184
185
216
217
218
219
220
221
174
176
177
178
179
180
182
183
184
185
216
218
219
220
221
174
176
177
178
179
180
182
183
184
185
216
218
219
220
221
174
176
177
178
179
180
182
183
184
185
216
218
219
220
221
186
187
188
189
190
191
144
145
146
147
148
149
150
151
152
153
154
155
174
175
176
177
178
179
192
193
194
195
196
197
198
199
200
201
202
203
216
217
218
219
220
221
228
229
230
231
232
233
234
235
236
237
238
239
144
145
146
150
151
152
174
175
176
192
193
194
198
199
200
216
217
218
228
229
230
234
235
236
144
145
146
147
148
149
150
151
152
153
154
155
174
175
176
177
178
179
192
193
194
195
196
197
198
199
200
201
202
203
216
217
218
219
220
221
228
229
230
231
232
233
234
235
236
237
238
239
144
146
147
148
149
150
152
153
154
155
174
176
177
178
179
192
194
195
196
197
198
200
201
202
203
216
218
219
220
221
228
230
231
232
233
234
236
237
238
239
144
146
147
148
149
150
152
153
154
155
174
176
177
178
179
192
194
195
196
197
198
200
201
202
203
216
218
219
220
221
228
230
231
232
233
234
236
237
238
239
144
146
147
148
149
150
152
153
154
155
174
176
177
178
179
192
194
195
196
197
198
200
201
202
203
216
218
219
220
221
228
230
231
232
233
234
236
237
238
239
150
151
152
153
154
155
156
157
158
159
160
161
192
193
194
195
196
197
198
199
200
201
202
203
204
205
206
207
208
209
228
229
230
231
232
233
240
241
242
243
244
245
150
151
152
156
157
158
192
193
194
198
199
200
204
205
206
228
229
230
240
241
242
150
151
152
153
154
155
156
157
158
159
160
161
192
193
194
195
196
197
198
199
200
201
202
203
204
205
206
207
208
209
228
229
230
231
232
233
240
241
242
243
244
245
150
152
153
154
155
156
158
159
160
161
192
194
195
196
197
198
200
201
202
203
204
206
207
208
209
228
230
231
232
233
240
242
243
244
245
150
152
153
154
155
156
158
159
160
161
192
194
195
196
197
198
200
201
202
203
204
206
207
208
209
228
230
231
232
233
240
242
243
244
245
150
152
153
154
155
156
158
159
160
161
192
194
195
196
197
198
200
201
202
203
204
206
207
208
209
228
230
231
232
233
240
242
243
244
245
156
157
158
159
160
161
162
163
164
165
166
167
198
199
200
201
202
203
204
205
206
207
208
209
240
241
242
243
244
245
156
157
158
162
163
164
198
199
200
204
205
206
240
241
242
156
157
158
159
160
161
162
163
164
165
166
167
198
199
200
201
202
203
204
205
206
207
208
209
240
241
242
243
244
245
156
158
159
160
161
162
164
165
166
167
198
200
201
202
203
204
206
207
208
209
240
242
243
244
245
156
158
159
160
161
162
164
165
166
167
198
200
201
202
203
204
206
207
208
209
240
242
243
244
245
156
158
159
160
161
162
164
165
166
167
198
200
201
202
203
204
206
207
208
209
240
242
243
244
245
210
211
212
213
214
215
174
175
176
177
178
179
180
181
182
183
184
185
192
193
194
195
196
197
216
217
218
219
220
221
234
235
236
237
238
239
252
253
254
255
256
257
174
175
176
180
181
182
192
193
194
216
217
218
234
235
236
252
253
254
174
175
176
177
178
179
180
181
182
183
184
185
192
193
194
195
196
197
216
217
218
219
220
221
234
235
236
237
238
239
252
253
254
255
256
257
174
176
177
178
179
180
182
183
184
185
192
194
195
196
197
216
218
219
220
221
234
236
237
238
239
252
254
255
256
257
174
176
177
178
179
180
182
183
184
185
192
194
195
196
197
216
218
219
220
221
234
236
237
238
239
252
254
255
256
257
174
176
177
178
179
180
182
183
184
185
192
194
195
196
197
216
218
219
220
221
234
236
237
238
239
252
254
255
256
257
222
223
224
225
226
227
-7.4866230942990250e+10
-5.1753888026101120e+10
-8.2788289276558418e+09
-4.4773378054544287e+09
-1.4432203566342749e+10
-4.4773378054544287e+09
-8.2076461976282028e+10
-1.4677137861632053e+10
-5.4865562930465218e+10
-7.9092601053171997e+09
-2.2788326726525908e+09
-7.9092601053171997e+09
-1.9751966031435265e+10
4.8443291446165497e+10
1.3333289144055314e+09
3.7710229941736422e+09
-7.9601605251778355e+09
3.7710229941736422e+09
3.6661750827131244e+11
3.1691355353022930e+10
1.3594721602387994e+11
-1.9626208441140652e+08
2.5659083589190674e+08
-1.9626208441140652e+08
-4.0146338668899078e+10
5.1592686004682327e+10
-4.9655588050930519e+09
-4.6538252113896255e+09
1.1293762295453121e+10
-4.6538252113896255e+09
-1.0071378821165833e+11
-1.3852323187175922e+10
-6.3809733884564590e+10
8.6274868634511700e+09
9.1565443447854710e+08
8.6274868634511700e+09
-4.9062722440047501e+10
-5.1443983728961639e+10
-5.3608603905067825e+09
4.8381753489478464e+09
1.2205189198349615e+10
4.8381753489478464e+09
-5.1753888026101135e+10
-2.2505948660033038e+11
-5.1753888026101135e+10
-1.4677137861632050e+10
1.0994435037537928e+10
-1.4677137861632050e+10
4.8443291446165482e+10
-7.9176156632290512e+10
4.8443291446165482e+10
3.1691355353022930e+10
5.6510919982149548e+11
3.1691355353022930e+10
5.1592686004682327e+10
-1.1772485503848151e+11
5.1592686004682327e+10
-1.3852323187175930e+10
-6.2895293606109200e+09
-1.3852323187175930e+10
-5.1443983728961624e+10
-1.4785360722732001e+11
-5.1443983728961624e+10
-8.2788289276558418e+09
-5.1753888026101120e+10
-7.4866230942990250e+10
4.4773378054544287e+09
1.4432203566342749e+10
4.4773378054544287e+09
-5.4865562930465218e+10
-1.4677137861632053e+10
-8.2076461976282028e+10
7.9092601053171997e+09
2.2788326726525908e+09
7.9092601053171997e+09
1.3333289144055314e+09
4.8443291446165497e+10
-1.9751966031435265e+10
-3.7710229941736422e+09
7.9601605251778355e+09
-3.7710229941736422e+09
1.3594721602387994e+11
3.1691355353022930e+10
3.6661750827131244e+11
1.9626208441140652e+08
-2.5659083589190674e+08
1.9626208441140652e+08
-4.9655588050930519e+09
5.1592686004682327e+10
-4.0146338668899078e+10
4.6538252113896255e+09
-1.1293762295453121e+10
4.6538252113896255e+09
-6.3809733884564590e+10
-1.3852323187175922e+10
-1.0071378821165833e+11
-8.6274868634511700e+09
-9.1565443447854710e+08
-8.6274868634511700e+09
-5.3608603905067825e+09
-5.1443983728961639e+10
-4.9062722440047501e+10
-4.8381753489478464e+09
-1.2205189198349615e+10
-4.8381753489478464e+09
4.6356155434091892e+09
-4.6356155434091892e+09
-3.0795774997559576e+09
-2.1580116283059216e+09
-3.0795774997559576e+09
7.6738036216053581e+09
-7.6738036216053581e+09
-1.5806515603183684e+09
-3.5080659230086499e+08
-1.5806515603183684e+09
-3.7105642991852989e+09
3.7105642991852989e+09
1.0105258700206277e+09
2.0493303855099268e+09
1.0105258700206277e+09
-1.9626208441140652e+08
1.9626208441140652e+08
3.3557954083968403e+10
1.7780924858566101e+09
3.3557954083968403e+10
5.2222557477686157e+09
-5.2222557477686157e+09
-9.4502672017656997e+07
1.5655822364269247e+09
-9.4502672017656997e+07
-9.1317977913374653e+09
9.1317977913374653e+09
-2.7572899780656118e+09
-8.2980993883440948e+08
-2.7572899780656118e+09
-4.4930507378489914e+09
4.4930507378489914e+09
-9.9309520478058136e+08
-2.0543769483522623e+09
-9.9309520478058136e+08
1.5699111250494816e+10
-1.5699111250494816e+10
-2.0713738288372943e+09
-1.2040660595382614e+10
-2.0713738288372943e+09
3.5466884404389477e+08
-3.5466884404389477e+08
-1.1085578403243845e+09
2.4541621912347512e+09
-1.1085578403243845e+09
7.7463344469927835e+09
-7.7463344469927835e+09
2.0800132458946166e+09
-1.1869567166814382e+09
2.0800132458946166e+09
2.5659083589190483e+08
-2.5659083589190483e+08
1.7780924858566098e+09
7.0695219014871704e+10
1.7780924858566098e+09
-1.0600402533853931e+10
1.0600402533853931e+10
1.9733878021785710e+09
-2.9807971347962413e+09
1.9733878021785710e+09
-1.0301808050211148e+09
1.0301808050211148e+09
-7.8568549083858109e+08
5.6922179577444363e+08
-7.8568549083858109e+08
-1.2426122038548359e+10
1.2426122038548359e+10
-1.8658763739295337e+09
-5.3834624769188957e+09
-1.8658763739295337e+09
4.6356155434091892e+09
-4.6356155434091892e+09
-3.0795774997559576e+09
-2.1580116283059216e+09
-3.0795774997559576e+09
7.6738036216053581e+09
-7.6738036216053581e+09
-1.5806515603183684e+09
-3.5080659230086499e+08
-1.5806515603183684e+09
-3.7105642991852989e+09
3.7105642991852989e+09
1.0105258700206277e+09
2.0493303855099268e+09
1.0105258700206277e+09
-1.9626208441140652e+08
1.9626208441140652e+08
3.3557954083968403e+10
1.7780924858566101e+09
3.3557954083968403e+10
5.2222557477686157e+09
-5.2222557477686157e+09
-9.4502672017656997e+07
1.5655822364269247e+09
-9.4502672017656997e+07
-9.1317977913374653e+09
9.1317977913374653e+09
-2.7572899780656118e+09
-8.2980993883440948e+08
-2.7572899780656118e+09
-4.4930507378489914e+09
4.4930507378489914e+09
-9.9309520478058136e+08
-2.0543769483522623e+09
-9.9309520478058136e+08
-4.8867016751138351e+10
-5.2210342286354523e+10
-6.9386416547670012e+09
-4.9334981709995975e+09
-1.3580015797468815e+10
-4.9334981709995975e+09
-9.7483476004513977e+10
1.8420037306103501e+09
-6.3199859931862259e+10
-9.2227644102113419e+09
1.9521517429035156e+09
-9.2227644102113419e+09
-4.0146338668899086e+10
5.1592686004682312e+10
-4.9655588050930595e+09
5.2222557477686138e+09
-1.0600402533853931e+10
5.2222557477686138e+09
3.6569757538522900e+11
7.5158796765582809e+09
1.4260319628996829e+11
-3.1461996209670830e+08
-7.5591642699601650e+08
-3.1461996209670830e+08
-9.7702090763636337e+10
-3.9371883742210159e+09
-6.3141227573758003e+10
8.8065154276275520e+09
2.2463818487981808e+08
8.8065154276275520e+09
-5.2210342286354523e+10
-1.3826282061158496e+11
-5.2210342286354523e+10
1.8420037306103468e+09
1.9991701143881779e+09
1.8420037306103468e+09
5.1592686004682327e+10
-1.1772485503848152e+11
5.1592686004682327e+10
7.5158796765583076e+09
5.2430749728000977e+11
7.5158796765583076e+09
-3.9371883742210331e+09
8.7589442995747948e+08
-3.9371883742210331e+09
-6.9386416547670012e+09
-5.2210342286354523e+10
-4.8867016751138351e+10
4.9334981709995975e+09
1.3580015797468815e+10
4.9334981709995975e+09
-6.3199859931862259e+10
1.8420037306103501e+09
-9.7483476004513977e+10
9.2227644102113419e+09
-1.9521517429035156e+09
9.2227644102113419e+09
-4.9655588050930595e+09
5.1592686004682312e+10
-4.0146338668899086e+10
-5.2222557477686138e+09
1.0600402533853931e+10
-5.2222557477686138e+09
1.4260319628996829e+11
7.5158796765582809e+09
3.6569757538522900e+11
3.1461996209670830e+08
7.5591642699601650e+08
3.1461996209670830e+08
-6.3141227573758003e+10
-3.9371883742210159e+09
-9.7702090763636337e+10
-8.8065154276275520e+09
-2.2463818487981808e+08
-8.8065154276275520e+09
5.3564389149759045e+09
-5.3564389149759045e+09
-7.0936799491163075e+08
-1.3633676261273587e+09
-7.0936799491163075e+08
9.0759594240546436e+09
-9.0759594240546436e+09
-2.0663038637293484e+09
-6.7729301546627367e+08
-2.0663038637293484e+09
-4.6538252113896275e+09
4.6538252113896275e+09
-9.4502672017657772e+07
1.9733878021785703e+09
-9.4502672017657772e+07
-3.1461996209670830e+08
3.1461996209670830e+08
3.4348124062893646e+10
4.5576964639607143e+08
3.4348124062893646e+10
-8.9689856646725063e+09
8.9689856646725063e+09
-2.3551826154658909e+09
-2.5876332807668895e+08
-2.3551826154658909e+09
1.2229552945270651e+10
-1.2229552945270651e+10
-1.8121253409118347e+09
-3.5741519810834174e+09
-1.8121253409118347e+09
6.9143952006344056e+08
-6.9143952006344056e+08
3.4719952948864925e+08
1.4400707961063344e+09
3.4719952948864925e+08
1.1293762295453121e+10
-1.1293762295453121e+10
1.5655822364269271e+09
-2.9807971347962408e+09
1.5655822364269271e+09
-7.5591642699602318e+08
7.5591642699602318e+08
4.5576964639607286e+08
6.9558253242569336e+10
4.5576964639607286e+08
-2.2342882708477998e+08
2.2342882708477998e+08
-2.5757411339867914e+08
1.3232407102931566e+09
-2.5757411339867914e+08
5.3564389149759045e+09
-5.3564389149759045e+09
-7.0936799491163075e+08
-1.3633676261273587e+09
-7.0936799491163075e+08
9.0759594240546436e+09
-9.0759594240546436e+09
-2.0663038637293484e+09
-6.7729301546627367e+08
-2.0663038637293484e+09
-4.6538252113896275e+09
4.6538252113896275e+09
-9.4502672017657772e+07
1.9733878021785703e+09
-9.4502672017657772e+07
-3.1461996209670830e+08
3.1461996209670830e+08
3.4348124062893646e+10
4.5576964639607143e+08
3.4348124062893646e+10
-8.9689856646725063e+09
8.9689856646725063e+09
-2.3551826154658909e+09
-2.5876332807668895e+08
-2.3551826154658909e+09
1.0000000000000000e+00
1.0000000000000000e+00
1.0000000000000000e+00
1.0000000000000000e+00
1.0000000000000000e+00
1.0000000000000000e+00
-9.1395037566533737e+10
-2.9494474422361460e+09
-6.0214342152498398e+10
-8.2775060962632122e+09
-9.2781377331109023e+08
-8.2775060962632122e+09
3.6988200565526624e+11
8.7507570245591469e+09
1.4246135968031940e+11
-2.7256744713470304e+08
3.0443225139228153e+09
-2.7256744713470304e+08
-1.0648370384377939e+11
5.3328096412840939e+09
-6.6145053224407829e+10
7.8432386100999832e+09
-1.9983151455589085e+09
7.8432386100999832e+09
-3.7028825521218857e+10
4.6207354038957115e+10
6.8645657402926457e+08
-5.1878479677728205e+09
1.2124654722111458e+10
-5.1878479677728205e+09
-3.9177345700220306e+10
-5.3306557571201508e+10
-7.9295385094574280e+09
6.1815839657699642e+09
9.2049435181182022e+09
6.1815839657699642e+09
-2.9494474422361498e+09
7.2873038026399193e+09
-2.9494474422361498e+09
8.7507570245591469e+09
5.4028933889131128e+11
8.7507570245591469e+09
5.3328096412840939e+09
-1.4081568655761230e+10
5.3328096412840939e+09
4.6207354038957108e+10
-1.3822550817938745e+11
4.6207354038957108e+10
-5.3306557571201508e+10
-9.7525823358996231e+10
-5.3306557571201508e+10
-6.0214342152498398e+10
-2.9494474422361460e+09
-9.1395037566533737e+10
8.2775060962632122e+09
9.2781377331109023e+08
8.2775060962632122e+09
1.4246135968031940e+11
8.7507570245591469e+09
3.6988200565526624e+11
2.7256744713470304e+08
-3.0443225139228153e+09
2.7256744713470304e+08
-6.6145053224407829e+10
5.3328096412840939e+09
-1.0648370384377939e+11
-7.8432386100999832e+09
1.9983151455589085e+09
-7.8432386100999832e+09
6.8645657402926457e+08
4.6207354038957115e+10
-3.7028825521218857e+10
5.1878479677728205e+09
-1.2124654722111458e+10
5.1878479677728205e+09
-7.9295385094574280e+09
-5.3306557571201508e+10
-3.9177345700220306e+10
-6.1815839657699642e+09
-9.2049435181182022e+09
-6.1815839657699642e+09
8.1530243680755024e+09
-8.1530243680755024e+09
-2.2593496948905277e+09
5.1148650999917805e+07
-2.2593496948905277e+09
-2.7256744713470399e+08
2.7256744713470399e+08
3.3085284025792992e+10
5.7074304306127214e+08
3.3085284025792992e+10
-9.1443633360477562e+09
9.1443633360477562e+09
-3.7395558260782733e+09
-3.1969227672752219e+08
-3.7395558260782733e+09
3.8189701679177456e+09
-3.8189701679177456e+09
-1.8550189224853218e+06
1.7328157907559543e+09
-1.8550189224853218e+06
-4.1200300425583124e+09
4.1200300425583124e+09
5.9016335239903539e+07
-2.4675723714740582e+09
5.9016335239903539e+07
-8.8754885435174060e+08
8.8754885435174060e+08
-6.3865499421084809e+08
1.8686441669407120e+09
-6.3865499421084809e+08
3.0443225139228134e+09
-3.0443225139228134e+09
5.7074304306127000e+08
6.8041862234444695e+10
5.7074304306127000e+08
-7.0291181409006917e+08
7.0291181409006917e+08
6.0557258293273342e+08
-4.2536133097696030e+08
6.0557258293273342e+08
-1.2613967970723969e+10
1.2613967970723969e+10
9.7476561034039712e+08
-3.4956398154081354e+09
9.7476561034039712e+08
-1.0547275444447384e+10
1.0547275444447384e+10
-1.2247247089499180e+09
-1.7932142158973830e+09
-1.2247247089499180e+09
8.1530243680755024e+09
-8.1530243680755024e+09
-2.2593496948905277e+09
5.1148650999917805e+07
-2.2593496948905277e+09
-2.7256744713470399e+08
2.7256744713470399e+08
3.3085284025792992e+10
5.7074304306127214e+08
3.3085284025792992e+10
-9.1443633360477562e+09
9.1443633360477562e+09
-3.7395558260782733e+09
-3.1969227672752219e+08
-3.7395558260782733e+09
3.8189701679177456e+09
-3.8189701679177456e+09
-1.8550189224853218e+06
1.7328157907559543e+09
-1.8550189224853218e+06
-4.1200300425583124e+09
4.1200300425583124e+09
5.9016335239903539e+07
-2.4675723714740582e+09
5.9016335239903539e+07
-1.0648370384377939e+11
5.3328096412840900e+09
-6.6145053224407852e+10
-9.1443633360477581e+09
-7.0291181409006953e+08
-9.1443633360477581e+09
3.8943963576057043e+11
3.4712890117227379e+10
1.4930605832290533e+11
6.1827326919020844e+08
6.6750391296015358e+08
6.1827326919020844e+08
-3.6579820139562675e+10
2.1437457203115627e+10
7.2306230212621956e+09
-2.1330339181117156e+09
1.4168183080600655e+10
-2.1330339181117156e+09
5.3328096412840967e+09
-1.4081568655761227e+10
5.3328096412840967e+09
3.4712890117227348e+10
5.7272972148514575e+11
3.4712890117227348e+10
2.1437457203115643e+10
-1.7343056836894617e+11
2.1437457203115643e+10
-6.6145053224407852e+10
5.3328096412840900e+09
-1.0648370384377939e+11
9.1443633360477581e+09
7.0291181409006953e+08
9.1443633360477581e+09
1.4930605832290533e+11
3.4712890117227379e+10
3.8943963576057043e+11
-6.1827326919020844e+08
-6.6750391296015358e+08
-6.1827326919020844e+08
7.2306230212621956e+09
2.1437457203115627e+10
-3.6579820139562675e+10
2.1330339181117156e+09
-1.4168183080600655e+10
2.1330339181117156e+09
7.8432386100999813e+09
-7.8432386100999813e+09
-3.7395558260782738e+09
6.0557258293273342e+08
-3.7395558260782738e+09
6.1827326919020939e+08
-6.1827326919020939e+08
3.1405843985954933e+10
2.0711192628589540e+09
3.1405843985954933e+10
1.9078767383709168e+09
-1.9078767383709168e+09
-6.6640029635558176e+08
6.8525065771311140e+08
-6.6640029635558176e+08
-1.9983151455589077e+09
1.9983151455589077e+09
-3.1969227672752130e+08
-4.2536133097695971e+08
-3.1969227672752130e+08
6.6750391296015549e+08
-6.6750391296015549e+08
2.0711192628589501e+09
6.5118631889586273e+10
2.0711192628589501e+09
-1.1724710551157730e+10
1.1724710551157730e+10
7.7977844262903106e+08
-6.9827192010991468e+09
7.7977844262903106e+08
7.8432386100999813e+09
-7.8432386100999813e+09
-3.7395558260782738e+09
6.0557258293273342e+08
-3.7395558260782738e+09
6.1827326919020939e+08
-6.1827326919020939e+08
3.1405843985954933e+10
2.0711192628589540e+09
3.1405843985954933e+10
1.9078767383709168e+09
-1.9078767383709168e+09
-6.6640029635558176e+08
6.8525065771311140e+08
-6.6640029635558176e+08
1.0000000000000000e+00
1.0000000000000000e+00
1.0000000000000000e+00
1.0000000000000000e+00
1.0000000000000000e+00
1.0000000000000000e+00
-4.7433269545271271e+10
-4.8766551113846512e+10
-3.7211546513310213e+09
-4.5009869495966787e+09
-1.2425329822299969e+10
-4.5009869495966787e+09
-7.3350333007845444e+10
-1.9265643587052444e+10
-5.0059207482164665e+10
-7.1842566045770788e+09
-1.7820042581358325e+09
-7.1842566045770788e+09
-3.7028825521218849e+10
4.6207354038957123e+10
6.8645657402926612e+08
3.8189701679177465e+09
-1.2613967970723972e+10
3.8189701679177465e+09
3.4718777017956610e+11
1.6475426725287077e+10
1.2537020198346552e+11
1.6541568253807974e+08
-5.5676515648790836e+08
1.6541568253807974e+08
-3.8440241165513977e+10
5.1871521412127762e+10
-1.5706565609093220e+10
-4.6619862839743462e+09
7.1546518130093632e+09
-4.6619862839743462e+09
-7.1374015387864624e+10
6.1628842180771523e+09
-5.0840993924854492e+10
7.3894316517775059e+09
9.2109528572655678e+07
7.3894316517775059e+09
-2.0155518884418526e+10
7.3333365627709770e+08
1.4183120987282549e+10
9.0065531939311659e+08
1.0251451509152979e+10
9.0065531939311659e+08
-5.9405566667433395e+10
-5.3418325349827225e+10
-1.9911857877333946e+10
4.0727570165216417e+09
9.8798543569126816e+09
4.0727570165216417e+09
-4.8766551113846512e+10
-1.5117022188392126e+11
-4.8766551113846512e+10
-1.9265643587052433e+10
1.5604902342573238e+10
-1.9265643587052433e+10
4.6207354038957108e+10
-1.3822550817938745e+11
4.6207354038957108e+10
1.6475426725287079e+10
5.5414048634463416e+11
1.6475426725287079e+10
5.1871521412127762e+10
-5.1077634372254654e+10
5.1871521412127762e+10
6.1628842180771656e+09
2.7176452826786491e+10
6.1628842180771656e+09
7.3333365627708435e+08
-1.5296644950902332e+11
7.3333365627708435e+08
-5.3418325349827255e+10
-1.0348202756940729e+11
-5.3418325349827255e+10
-3.7211546513310213e+09
-4.8766551113846512e+10
-4.7433269545271271e+10
4.5009869495966787e+09
1.2425329822299969e+10
4.5009869495966787e+09
-5.0059207482164665e+10
-1.9265643587052444e+10
-7.3350333007845444e+10
7.1842566045770788e+09
1.7820042581358325e+09
7.1842566045770788e+09
6.8645657402926612e+08
4.6207354038957123e+10
-3.7028825521218849e+10
-3.8189701679177465e+09
1.2613967970723972e+10
-3.8189701679177465e+09
1.2537020198346552e+11
1.6475426725287077e+10
3.4718777017956610e+11
-1.6541568253807974e+08
5.5676515648790836e+08
-1.6541568253807974e+08
-1.5706565609093220e+10
5.1871521412127762e+10
-3.8440241165513977e+10
4.6619862839743462e+09
-7.1546518130093632e+09
4.6619862839743462e+09
-5.0840993924854492e+10
6.1628842180771523e+09
-7.1374015387864624e+10
-7.3894316517775059e+09
-9.2109528572655678e+07
-7.3894316517775059e+09
1.4183120987282549e+10
7.3333365627709770e+08
-2.0155518884418526e+10
-9.0065531939311659e+08
-1.0251451509152979e+10
-9.0065531939311659e+08
-1.9911857877333946e+10
-5.3418325349827225e+10
-5.9405566667433395e+10
-4.0727570165216417e+09
-9.8798543569126816e+09
-4.0727570165216417e+09
5.1676179496264381e+09
-5.1676179496264381e+09
-7.5683761366443312e+08
-1.4805777318829598e+09
-7.5683761366443312e+08
7.6219410370987453e+09
-7.6219410370987453e+09
-8.8661874127932119e+08
-8.6964692539630318e+08
-8.8661874127932119e+08
-5.1878479677728205e+09
5.1878479677728205e+09
-1.8550189224855900e+06
9.7476561034039772e+08
-1.8550189224855900e+06
1.6541568253807974e+08
-1.6541568253807974e+08
3.4942125311250778e+10
8.5156166367555690e+08
3.4942125311250778e+10
5.7337634274940510e+09
-5.7337634274940510e+09
2.9332423029654598e+08
1.8042652734509459e+09
2.9332423029654598e+08
-7.2616047951713142e+09
7.2616047951713142e+09
-5.5397468207418299e+08
5.1499209625802743e+08
-5.5397468207418299e+08
1.0675563446092665e+09
-1.0675563446092665e+09
2.3254945320137453e+08
-3.8793954757513738e+08
2.3254945320137453e+08
-7.3068416784224453e+09
7.3068416784224453e+09
-1.5968593847457051e+09
-1.4074204388705285e+09
-1.5968593847457051e+09
1.3120845770917179e+10
-1.3120845770917179e+10
-1.6533213228418705e+09
-5.1405288741619205e+09
-1.6533213228418705e+09
1.8345213656921880e+09
-1.8345213656921880e+09
-8.7121870735866451e+08
3.2077097431079454e+09
-8.7121870735866451e+08
1.2124654722111454e+10
-1.2124654722111454e+10
1.7328157907559533e+09
-3.4956398154081368e+09
1.7328157907559533e+09
-5.5676515648790550e+08
5.5676515648790550e+08
8.5156166367555785e+08
7.3817626177877563e+10
8.5156166367555785e+08
-6.8209129647716122e+09
6.8209129647716122e+09
2.3064866998324175e+09
3.5007052353062809e+08
2.3064866998324175e+09
1.3141236219221931e+09
-1.3141236219221931e+09
-1.0968727974497771e+08
4.2434262218141909e+09
-1.0968727974497771e+08
-1.2116495028346146e+10
1.2116495028346146e+10
5.7529155195952344e+08
-5.8018040183535748e+09
5.7529155195952344e+08
-8.8999723310373535e+09
8.8999723310373535e+09
-2.8319283962779369e+09
-3.8371528502815695e+09
-2.8319283962779369e+09
5.1676179496264381e+09
-5.1676179496264381e+09
-7.5683761366443312e+08
-1.4805777318829598e+09
-7.5683761366443312e+08
7.6219410370987453e+09
-7.6219410370987453e+09
-8.8661874127932119e+08
-8.6964692539630318e+08
-8.8661874127932119e+08
-5.1878479677728205e+09
5.1878479677728205e+09
-1.8550189224855900e+06
9.7476561034039772e+08
-1.8550189224855900e+06
1.6541568253807974e+08
-1.6541568253807974e+08
3.4942125311250778e+10
8.5156166367555690e+08
3.4942125311250778e+10
5.7337634274940510e+09
-5.7337634274940510e+09
2.9332423029654598e+08
1.8042652734509459e+09
2.9332423029654598e+08
-7.2616047951713142e+09
7.2616047951713142e+09
-5.5397468207418299e+08
5.1499209625802743e+08
-5.5397468207418299e+08
1.0675563446092665e+09
-1.0675563446092665e+09
2.3254945320137453e+08
-3.8793954757513738e+08
2.3254945320137453e+08
-7.3068416784224453e+09
7.3068416784224453e+09
-1.5968593847457051e+09
-1.4074204388705285e+09
-1.5968593847457051e+09
-6.4910743445001312e+10
-4.5808249149037445e+10
-3.5273808286599059e+09
-4.6717897219950542e+09
-1.5790855527499165e+10
-4.6717897219950542e+09
-1.0071378821165831e+11
-1.3852323187175934e+10
-6.3809733884564590e+10
-9.1317977913374634e+09
-1.0301808050211152e+09
-9.1317977913374634e+09
-3.8440241165513985e+10
5.1871521412127777e+10
-1.5706565609093222e+10
5.7337634274940510e+09
-6.8209129647716103e+09
5.7337634274940510e+09
3.7738515834722467e+11
2.5668849512597530e+10
1.4749125482175116e+11
8.8058109469928360e+08
3.1034603994514465e+08
8.8058109469928360e+08
-4.0001020632362083e+10
5.1928770147005386e+10
-5.5456567380995655e+09
-4.8528780878245773e+09
1.0224571546300613e+10
-4.8528780878245773e+09
-1.1506464006261096e+11
-2.8695023034967621e+10
-6.7144033510148346e+10
8.2960854896890364e+09
4.2378603319045095e+09
8.2960854896890364e+09
-1.8254724830077984e+10
-4.1113545700549683e+10
8.2421157488144445e+09
3.7460355892747421e+09
8.8691713791416264e+09
3.7460355892747421e+09
-4.5808249149037445e+10
-2.1567915412197607e+11
-4.5808249149037445e+10
-1.3852323187175930e+10
-6.2895293606109314e+09
-1.3852323187175930e+10
5.1871521412127747e+10
-5.1077634372254646e+10
5.1871521412127747e+10
2.5668849512597546e+10
5.3920394029178723e+11
2.5668849512597546e+10
5.1928770147005325e+10
-1.1393243551155347e+11
5.1928770147005325e+10
-2.8695023034967602e+10
-3.9595276755782059e+10
-2.8695023034967602e+10
-4.1113545700549667e+10
-1.1262991016961002e+11
-4.1113545700549667e+10
-3.5273808286599059e+09
-4.5808249149037445e+10
-6.4910743445001312e+10
4.6717897219950542e+09
1.5790855527499165e+10
4.6717897219950542e+09
-6.3809733884564590e+10
-1.3852323187175934e+10
-1.0071378821165831e+11
9.1317977913374634e+09
1.0301808050211152e+09
9.1317977913374634e+09
-1.5706565609093222e+10
5.1871521412127777e+10
-3.8440241165513985e+10
-5.7337634274940510e+09
6.8209129647716103e+09
-5.7337634274940510e+09
1.4749125482175116e+11
2.5668849512597530e+10
3.7738515834722467e+11
-8.8058109469928360e+08
-3.1034603994514465e+08
-8.8058109469928360e+08
-5.5456567380995655e+09
5.1928770147005386e+10
-4.0001020632362083e+10
4.8528780878245773e+09
-1.0224571546300613e+10
4.8528780878245773e+09
-6.7144033510148346e+10
-2.8695023034967621e+10
-1.1506464006261096e+11
-8.2960854896890364e+09
-4.2378603319045095e+09
-8.2960854896890364e+09
8.2421157488144445e+09
-4.1113545700549683e+10
-1.8254724830077984e+10
-3.7460355892747421e+09
-8.8691713791416264e+09
-3.7460355892747421e+09
3.2388971895452242e+09
-3.2388971895452242e+09
-2.4697491478271837e+09
-2.0406040973133655e+09
-2.4697491478271837e+09
8.6274868634511700e+09
-8.6274868634511700e+09
-2.7572899780656118e+09
-7.8568549083858049e+08
-2.7572899780656118e+09
-4.6619862839743462e+09
4.6619862839743462e+09
2.9332423029654574e+08
2.3064866998324180e+09
2.9332423029654574e+08
8.8058109469928455e+08
-8.8058109469928455e+08
3.3912300354257034e+10
1.3609662407232976e+09
3.3912300354257034e+10
4.6170559866451340e+09
-4.6170559866451340e+09
-2.2147676938843462e+08
2.0879609501999559e+09
-2.2147676938843462e+08
-1.0318357866662329e+10
1.0318357866662329e+10
-4.0587103758334360e+09
-7.4373525959513211e+08
-4.0587103758334360e+09
-2.3836769837041402e+09
2.3836769837041402e+09
7.9709522623098159e+08
-2.1853890430085907e+09
7.9709522623098159e+08
1.5349968567278044e+10
-1.5349968567278044e+10
-1.4793100473596885e+09
-1.0152311927733648e+10
-1.4793100473596885e+09
9.1565443447854722e+08
-9.1565443447854722e+08
-8.2980993883440912e+08
5.6922179577444327e+08
-8.2980993883440912e+08
7.1546518130093613e+09
-7.1546518130093613e+09
1.8042652734509461e+09
3.5007052353062868e+08
1.8042652734509461e+09
3.1034603994514847e+08
-3.1034603994514847e+08
1.3609662407232955e+09
6.8576888282182251e+10
1.3609662407232955e+09
-1.0716053023881477e+10
1.0716053023881477e+10
1.8826253054048738e+09
-3.0937858020896769e+09
1.8826253054048738e+09
-2.9517252644848752e+09
2.9517252644848752e+09
-1.4042672151504693e+09
-2.2496299009290314e+09
-1.4042672151504693e+09
-1.0062842566344749e+10
1.0062842566344749e+10
-1.3344696182345502e+09
-3.0094658913951874e+09
-1.3344696182345502e+09
3.2388971895452242e+09
-3.2388971895452242e+09
-2.4697491478271837e+09
-2.0406040973133655e+09
-2.4697491478271837e+09
8.6274868634511700e+09
-8.6274868634511700e+09
-2.7572899780656118e+09
-7.8568549083858049e+08
-2.7572899780656118e+09
-4.6619862839743462e+09
4.6619862839743462e+09
2.9332423029654574e+08
2.3064866998324180e+09
2.9332423029654574e+08
8.8058109469928455e+08
-8.8058109469928455e+08
3.3912300354257034e+10
1.3609662407232976e+09
3.3912300354257034e+10
4.6170559866451340e+09
-4.6170559866451340e+09
-2.2147676938843462e+08
2.0879609501999559e+09
-2.2147676938843462e+08
-1.0318357866662329e+10
1.0318357866662329e+10
-4.0587103758334360e+09
-7.4373525959513211e+08
-4.0587103758334360e+09
-2.3836769837041402e+09
2.3836769837041402e+09
7.9709522623098159e+08
-2.1853890430085907e+09
7.9709522623098159e+08
-4.9062722440047501e+10
-5.1443983728961624e+10
-5.3608603905067806e+09
-4.4930507378489914e+09
-1.2426122038548359e+10
-4.4930507378489914e+09
-9.7702090763636337e+10
-3.9371883742210345e+09
-6.3141227573758011e+10
-8.9689856646725063e+09
-2.2342882708477867e+08
-8.9689856646725063e+09
-4.0001020632362076e+10
5.1928770147005363e+10
-5.5456567380995579e+09
4.6170559866451330e+09
-1.0716053023881477e+10
4.6170559866451330e+09
3.6631906440611609e+11
6.7826338110626259e+09
1.4375663855809955e+11
-7.2407187150550842e+07
3.3222719041159821e+08
-7.2407187150550842e+07
-1.0224528467938269e+11
-4.7507208353944626e+09
-6.5321722324489548e+10
8.9837629131797905e+09
9.5676885359438515e+08
8.9837629131797905e+09
-5.1443983728961647e+10
-1.4785360722732004e+11
-5.1443983728961647e+10
-3.9371883742210236e+09
8.7589442995747185e+08
-3.9371883742210236e+09
5.1928770147005371e+10
-1.1393243551155350e+11
5.1928770147005371e+10
6.7826338110626564e+09
5.2007038238946136e+11
6.7826338110626564e+09
-4.7507208353944645e+09
-3.3363387530617847e+09
-4.7507208353944645e+09
-5.3608603905067806e+09
-5.1443983728961624e+10
-4.9062722440047501e+10
4.4930507378489914e+09
1.2426122038548359e+10
4.4930507378489914e+09
-6.3141227573758011e+10
-3.9371883742210345e+09
-9.7702090763636337e+10
8.9689856646725063e+09
2.2342882708477867e+08
8.9689856646725063e+09
-5.5456567380995579e+09
5.1928770147005363e+10
-4.0001020632362076e+10
-4.6170559866451330e+09
1.0716053023881477e+10
-4.6170559866451330e+09
1.4375663855809955e+11
6.7826338110626259e+09
3.6631906440611609e+11
7.2407187150550842e+07
-3.3222719041159821e+08
7.2407187150550842e+07
-6.5321722324489548e+10
-4.7507208353944626e+09
-1.0224528467938269e+11
-8.9837629131797905e+09
-9.5676885359438515e+08
-8.9837629131797905e+09
4.8381753489478464e+09
-4.8381753489478464e+09
-9.9309520478058124e+08
-1.8658763739295340e+09
-9.9309520478058124e+08
8.8065154276275520e+09
-8.8065154276275520e+09
-2.3551826154658899e+09
-2.5757411339867997e+08
-2.3551826154658899e+09
-4.8528780878245773e+09
4.8528780878245773e+09
-2.2147676938843480e+08
1.8826253054048760e+09
-2.2147676938843480e+08
-7.2407187150553703e+07
7.2407187150553703e+07
3.3732423685435341e+10
3.6935942993471956e+08
3.3732423685435341e+10
-9.1438862808440437e+09
9.1438862808440437e+09
-2.7182217892325091e+09
-4.9412293810035586e+06
-2.7182217892325091e+09
1.2205189198349617e+10
-1.2205189198349617e+10
-2.0543769483522639e+09
-5.3834624769188957e+09
-2.0543769483522639e+09
2.2463818487981939e+08
-2.2463818487981939e+08
-2.5876332807668722e+08
1.3232407102931581e+09
-2.5876332807668722e+08
1.0224571546300613e+10
-1.0224571546300613e+10
2.0879609501999562e+09
-3.0937858020896773e+09
2.0879609501999562e+09
3.3222719041159534e+08
-3.3222719041159534e+08
3.6935942993472147e+08
6.8008606992727234e+10
3.6935942993472147e+08
-2.9784527316443467e+08
2.9784527316443467e+08
-2.5273369280474693e+08
8.5446702629552150e+08
-2.5273369280474693e+08
4.8381753489478464e+09
-4.8381753489478464e+09
-9.9309520478058124e+08
-1.8658763739295340e+09
-9.9309520478058124e+08
8.8065154276275520e+09
-8.8065154276275520e+09
-2.3551826154658899e+09
-2.5757411339867997e+08
-2.3551826154658899e+09
-4.8528780878245773e+09
4.8528780878245773e+09
-2.2147676938843480e+08
1.8826253054048760e+09
-2.2147676938843480e+08
-7.2407187150553703e+07
7.2407187150553703e+07
3.3732423685435341e+10
3.6935942993471956e+08
3.3732423685435341e+10
-9.1438862808440437e+09
9.1438862808440437e+09
-2.7182217892325091e+09
-4.9412293810035586e+06
-2.7182217892325091e+09
1.0000000000000000e+00
1.0000000000000000e+00
1.0000000000000000e+00
1.0000000000000000e+00
1.0000000000000000e+00
1.0000000000000000e+00
-3.9177345700220306e+10
-5.3306557571201523e+10
-7.9295385094574308e+09
-4.1200300425583124e+09
-1.0547275444447382e+10
-4.1200300425583124e+09
-3.6579820139562675e+10
2.1437457203115646e+10
7.2306230212621946e+09
1.9078767383709168e+09
-1.1724710551157726e+10
1.9078767383709168e+09
-7.1374015387864594e+10
6.1628842180771694e+09
-5.0840993924854492e+10
-7.2616047951713142e+09
1.3141236219221947e+09
-7.2616047951713142e+09
3.5100731971993152e+11
-4.6612564094901657e+09
1.3026221269613202e+11
-6.9285555736363220e+08
-1.6880172294012070e+07
-6.9285555736363220e+08
-5.4376224738147507e+10
5.0566876431109322e+10
-1.3843975977847919e+10
-4.2121543586116595e+09
1.0330640542123299e+10
-4.2121543586116595e+09
-1.1285933838240791e+10
-1.9873038676821484e+10
1.6835913594423256e+10
7.3903915351618302e+08
1.0492603820492828e+10
7.3903915351618302e+08
-5.3306557571201508e+10
-9.7525823358996216e+10
-5.3306557571201508e+10
2.1437457203115646e+10
-1.7343056836894617e+11
2.1437457203115646e+10
6.1628842180771494e+09
2.7176452826786491e+10
6.1628842180771494e+09
-4.6612564094901505e+09
5.4046496295123755e+11
-4.6612564094901505e+09
5.0566876431109329e+10
-1.1938620783167700e+11
5.0566876431109329e+10
-1.9873038676821487e+10
-1.3571395930165610e+11
-1.9873038676821487e+10
-7.9295385094574308e+09
-5.3306557571201523e+10
-3.9177345700220306e+10
4.1200300425583124e+09
1.0547275444447382e+10
4.1200300425583124e+09
7.2306230212621946e+09
2.1437457203115646e+10
-3.6579820139562675e+10
-1.9078767383709168e+09
1.1724710551157726e+10
-1.9078767383709168e+09
-5.0840993924854492e+10
6.1628842180771694e+09
-7.1374015387864594e+10
7.2616047951713142e+09
-1.3141236219221947e+09
7.2616047951713142e+09
1.3026221269613202e+11
-4.6612564094901657e+09
3.5100731971993152e+11
6.9285555736363220e+08
1.6880172294012070e+07
6.9285555736363220e+08
-1.3843975977847919e+10
5.0566876431109322e+10
-5.4376224738147507e+10
4.2121543586116595e+09
-1.0330640542123299e+10
4.2121543586116595e+09
1.6835913594423256e+10
-1.9873038676821484e+10
-1.1285933838240791e+10
-7.3903915351618302e+08
-1.0492603820492828e+10
-7.3903915351618302e+08
6.1815839657699642e+09
-6.1815839657699642e+09
5.9016335239903480e+07
-1.2247247089499185e+09
5.9016335239903480e+07
-2.1330339181117144e+09
2.1330339181117144e+09
-6.6640029635558140e+08
7.7977844262903094e+08
-6.6640029635558140e+08
7.3894316517775049e+09
-7.3894316517775049e+09
-5.5397468207418323e+08
-1.0968727974497801e+08
-5.5397468207418323e+08
-6.9285555736363220e+08
6.9285555736363220e+08
3.5063164641329224e+10
-2.6659959456269836e+08
3.5063164641329224e+10
6.5585731029191856e+09
-6.5585731029191856e+09
-1.2023565459902010e+09
1.3915512334394717e+09
-1.2023565459902010e+09
-2.0779319806687365e+09
2.0779319806687365e+09
1.0161496583979706e+09
-5.3209086582326627e+08
1.0161496583979706e+09
9.2049435181182022e+09
-9.2049435181182022e+09
-2.4675723714740586e+09
-1.7932142158973823e+09
-2.4675723714740586e+09
1.4168183080600655e+10
-1.4168183080600655e+10
6.8525065771311235e+08
-6.9827192010991478e+09
6.8525065771311235e+08
9.2109528572657108e+07
-9.2109528572657108e+07
5.1499209625802827e+08
4.2434262218141913e+09
5.1499209625802827e+08
-1.6880172294015884e+07
1.6880172294015884e+07
-2.6659959456269836e+08
7.2984833357051422e+10
-2.6659959456269836e+08
-1.0972755849709949e+10
1.0972755849709949e+10
2.2240888202024193e+09
-4.1302873578075633e+09
2.2240888202024193e+09
-1.1033057453756516e+10
1.1033057453756516e+10
-1.2185578548574276e+09
-3.6127457707091742e+09
-1.2185578548574276e+09
6.1815839657699642e+09
-6.1815839657699642e+09
5.9016335239903480e+07
-1.2247247089499185e+09
5.9016335239903480e+07
-2.1330339181117144e+09
2.1330339181117144e+09
-6.6640029635558140e+08
7.7977844262903094e+08
-6.6640029635558140e+08
7.3894316517775049e+09
-7.3894316517775049e+09
-5.5397468207418323e+08
-1.0968727974497801e+08
-5.5397468207418323e+08
-6.9285555736363220e+08
6.9285555736363220e+08
3.5063164641329224e+10
-2.6659959456269836e+08
3.5063164641329224e+10
6.5585731029191856e+09
-6.5585731029191856e+09
-1.2023565459902010e+09
1.3915512334394717e+09
-1.2023565459902010e+09
-2.0779319806687365e+09
2.0779319806687365e+09
1.0161496583979706e+09
-5.3209086582326627e+08
1.0161496583979706e+09
1.0000000000000000e+00
1.0000000000000000e+00
1.0000000000000000e+00
1.0000000000000000e+00
1.0000000000000000e+00
1.0000000000000000e+00
