72	72	966
228
229
230
231
232
233
234
235
236
237
238
239
240
241
242
243
244
245
246
247
248
249
250
251
252
253
254
255
256
257
258
259
260
261
262
263
264
265
266
267
268
269
270
271
272
273
274
275
276
277
278
279
280
281
282
283
284
285
286
287
288
289
290
291
292
293
294
295
296
297
298
299
0
36
54
90
120
150
180
216
234
270
300
330
360
390
405
435
460
485
510
511
512
513
514
515
516
546
561
591
616
641
666
667
668
669
670
671
672
708
726
762
792
822
852
853
854
855
856
857
858
876
885
903
918
933
948
949
950
951
952
953
954
955
956
957
958
959
960
961
962
963
964
965
966
192
193
194
195
196
197
198
199
200
201
202
203
228
229
230
231
232
233
234
235
236
237
238
239
240
241
242
243
244
245
264
265
266
267
268
269
192
193
194
198
199
200
228
229
230
234
235
236
240
241
242
264
265
266
192
193
194
195
196
197
198
199
200
201
202
203
228
229
230
231
232
233
234
235
236
237
238
239
240
241
242
243
244
245
264
265
266
267
268
269
192
194
195
196
197
198
200
201
202
203
228
230
231
232
233
234
236
237
238
239
240
242
243
244
245
264
266
267
268
269
192
194
195
196
197
198
200
201
202
203
228
230
231
232
233
234
236
237
238
239
240
242
243
244
245
264
266
267
268
269
192
194
195
196
197
198
200
201
202
203
228
230
231
232
233
234
236
237
238
239
240
242
243
244
245
264
266
267
268
269
192
193
194
195
196
197
216
217
218
219
220
221
228
229
230
231
232
233
234
235
236
237
238
239
252
253
254
255
256
257
264
265
266
267
268
269
192
193
194
216
217
218
228
229
230
234
235
236
252
253
254
264
265
266
192
193
194
195
196
197
216
217
218
219
220
221
228
229
230
231
232
233
234
235
236
237
238
239
252
253
254
255
256
257
264
265
266
267
268
269
192
194
195
196
197
216
218
219
220
221
228
230
231
232
233
234
236
237
238
239
252
254
255
256
257
264
266
267
268
269
192
194
195
196
197
216
218
219
220
221
228
230
231
232
233
234
236
237
238
239
252
254
255
256
257
264
266
267
268
269
192
194
195
196
197
216
218
219
220
221
228
230
231
232
233
234
236
237
238
239
252
254
255
256
257
264
266
267
268
269
198
199
200
201
202
203
204
205
206
207
208
209
228
229
230
231
232
233
240
241
242
243
244
245
264
265
266
267
268
269
198
199
200
204
205
206
228
229
230
240
241
242
264
265
266
198
199
200
201
202
203
204
205
206
207
208
209
228
229
230
231
232
233
240
241
242
243
244
245
264
265
266
267
268
269
198
200
201
202
203
204
206
207
208
209
228
230
231
232
233
240
242
243
244
245
264
266
267
268
269
198
200
201
202
203
204
206
207
208
209
228
230
231
232
233
240
242
243
244
245
264
266
267
268
269
198
200
201
202
203
204
206
207
208
209
228
230
231
232
233
240
242
243
244
245
264
266
267
268
269
246
247
248
249
250
251
216
217
218
219
220
221
234
235
236
237
238
239
252
253
254
255
256
257
264
265
266
267
268
269
276
277
278
279
280
281
216
217
218
234
235
236
252
253
254
264
265
266
276
277
278
216
217
218
219
220
221
234
235
236
237
238
239
252
253
254
255
256
257
264
265
266
267
268
269
276
277
278
279
280
281
216
218
219
220
221
234
236
237
238
239
252
254
255
256
257
264
266
267
268
269
276
278
279
280
281
216
218
219
220
221
234
236
237
238
239
252
254
255
256
257
264
266
267
268
269
276
278
279
280
281
216
218
219
220
221
234
236
237
238
239
252
254
255
256
257
264
266
267
268
269
276
278
279
280
281
258
259
260
261
262
263
228
229
230
231
232
233
234
235
236
237
238
239
240
241
242
243
244
245
252
253
254
255
256
257
264
265
266
267
268
269
276
277
278
279
280
281
228
229
230
234
235
236
240
241
242
252
253
254
264
265
266
276
277
278
228
229
230
231
232
233
234
235
236
237
238
239
240
241
242
243
244
245
252
253
254
255
256
257
264
265
266
267
268
269
276
277
278
279
280
281
228
230
231
232
233
234
236
237
238
239
240
242
243
244
245
252
254
255
256
257
264
266
267
268
269
276
278
279
280
281
228
230
231
232
233
234
236
237
238
239
240
242
243
244
245
252
254
255
256
257
264
266
267
268
269
276
278
279
280
281
228
230
231
232
233
234
236
237
238
239
240
242
243
244
245
252
254
255
256
257
264
266
267
268
269
276
278
279
280
281
270
271
272
273
274
275
252
253
254
255
256
257
264
265
266
267
268
269
276
277
278
279
280
281
252
253
254
264
265
266
276
277
278
252
253
254
255
256
257
264
265
266
267
268
269
276
277
278
279
280
281
252
254
255
256
257
264
266
267
268
269
276
278
279
280
281
252
254
255
256
257
264
266
267
268
269
276
278
279
280
281
252
254
255
256
257
264
266
267
268
269
276
278
279
280
281
282
283
284
285
286
287
288
289
290
291
292
293
294
295
296
297
298
299
-2.0155518884418522e+10
7.3333365627708244e+08
1.4183120987282547e+10
1.0675563446092668e+09
-1.2116495028346146e+10
1.0675563446092668e+09
-1.1506464006261096e+11
-2.8695023034967613e+10
-6.7144033510148361e+10
-1.0318357866662329e+10
-2.9517252644848742e+09
-1.0318357866662329e+10
4.0946150512102673e+11
-2.0005198374581985e+10
1.6971096805360373e+11
-9.0147771893968487e+08
-1.6739754107474234e+09
-9.0147771893968487e+08
-1.4726934200537766e+11
4.6970000350947479e+10
-8.1828512909878036e+10
9.3757988867732449e+09
-3.8269645764460335e+09
9.3757988867732449e+09
-6.9985939437405167e+10
5.4982437544557724e+10
-1.4697553191871639e+10
-5.2117264344799366e+09
1.2991878228674126e+10
-5.2117264344799366e+09
-5.6986064731214401e+10
-5.3985550142232697e+10
-2.0223989428988270e+10
5.9882067886994371e+09
7.5772820513503437e+09
5.9882067886994371e+09
7.3333365627709579e+08
-1.5296644950902328e+11
7.3333365627709579e+08
-2.8695023034967598e+10
-3.9595276755782082e+10
-2.8695023034967598e+10
-2.0005198374582016e+10
5.3053001268029919e+11
-2.0005198374582016e+10
4.6970000350947495e+10
-7.3799696898199783e+10
4.6970000350947495e+10
5.4982437544557716e+10
-1.7122275227862137e+11
5.4982437544557716e+10
-5.3985550142232689e+10
-9.2945837238672638e+10
-5.3985550142232689e+10
1.4183120987282547e+10
7.3333365627708244e+08
-2.0155518884418522e+10
-1.0675563446092668e+09
1.2116495028346146e+10
-1.0675563446092668e+09
-6.7144033510148361e+10
-2.8695023034967613e+10
-1.1506464006261096e+11
1.0318357866662329e+10
2.9517252644848742e+09
1.0318357866662329e+10
1.6971096805360373e+11
-2.0005198374581985e+10
4.0946150512102673e+11
9.0147771893968487e+08
1.6739754107474234e+09
9.0147771893968487e+08
-8.1828512909878036e+10
4.6970000350947479e+10
-1.4726934200537766e+11
-9.3757988867732449e+09
3.8269645764460335e+09
-9.3757988867732449e+09
-1.4697553191871639e+10
5.4982437544557724e+10
-6.9985939437405167e+10
5.2117264344799366e+09
-1.2991878228674126e+10
5.2117264344799366e+09
-2.0223989428988270e+10
-5.3985550142232697e+10
-5.6986064731214401e+10
-5.9882067886994371e+09
-7.5772820513503437e+09
-5.9882067886994371e+09
9.0065531939311695e+08
-9.0065531939311695e+08
2.3254945320137376e+08
5.7529155195952249e+08
2.3254945320137376e+08
8.2960854896890354e+09
-8.2960854896890354e+09
-4.0587103758334370e+09
-1.4042672151504712e+09
-4.0587103758334370e+09
-9.0147771893968391e+08
9.0147771893968391e+08
3.1930060931237244e+10
-1.2814226945642869e+09
3.1930060931237244e+10
-8.9327113299375172e+09
8.9327113299375172e+09
-7.0125079490379515e+09
2.7390533008604703e+09
-7.0125079490379515e+09
4.7718533380980339e+09
-4.7718533380980339e+09
-2.5773538450997505e+09
2.4202112890754910e+09
-2.5773538450997505e+09
-4.1344050983029838e+09
4.1344050983029838e+09
-1.7090665251496136e+09
-3.0488662321807280e+09
-1.7090665251496136e+09
1.0251451509152981e+10
-1.0251451509152981e+10
-3.8793954757513678e+08
-5.8018040183535748e+09
-3.8793954757513678e+08
4.2378603319045115e+09
-4.2378603319045115e+09
-7.4373525959513152e+08
-2.2496299009290328e+09
-7.4373525959513152e+08
-1.6739754107474294e+09
1.6739754107474294e+09
-1.2814226945642879e+09
6.0910852120647064e+10
-1.2814226945642879e+09
5.8001561000660830e+09
-5.8001561000660830e+09
2.2248795010496583e+09
-5.7928382264979782e+09
2.2248795010496583e+09
-1.0775071862518887e+10
1.0775071862518887e+10
2.5981189023715067e+09
-9.2080064819076328e+09
2.5981189023715067e+09
-7.8404206678572693e+09
7.8404206678572693e+09
-2.4099009016866083e+09
-4.2486301143231220e+09
-2.4099009016866083e+09
9.0065531939311695e+08
-9.0065531939311695e+08
2.3254945320137376e+08
5.7529155195952249e+08
2.3254945320137376e+08
8.2960854896890354e+09
-8.2960854896890354e+09
-4.0587103758334370e+09
-1.4042672151504712e+09
-4.0587103758334370e+09
-9.0147771893968391e+08
9.0147771893968391e+08
3.1930060931237244e+10
-1.2814226945642869e+09
3.1930060931237244e+10
-8.9327113299375172e+09
8.9327113299375172e+09
-7.0125079490379515e+09
2.7390533008604703e+09
-7.0125079490379515e+09
4.7718533380980339e+09
-4.7718533380980339e+09
-2.5773538450997505e+09
2.4202112890754910e+09
-2.5773538450997505e+09
-4.1344050983029838e+09
4.1344050983029838e+09
-1.7090665251496136e+09
-3.0488662321807280e+09
-1.7090665251496136e+09
-5.9405566667433395e+10
-5.3418325349827248e+10
-1.9911857877333950e+10
-7.3068416784224472e+09
-8.8999723310373535e+09
-7.3068416784224472e+09
-5.4376224738147499e+10
5.0566876431109344e+10
-1.3843975977847923e+10
6.5585731029191837e+09
-1.0972755849709949e+10
6.5585731029191837e+09
-1.4726934200537766e+11
4.6970000350947472e+10
-8.1828512909878052e+10
-8.9327113299375172e+09
5.8001561000660839e+09
-8.9327113299375172e+09
4.1590319729220105e+11
-2.3220393843523788e+09
1.7526100642858112e+11
5.4878446029539967e+08
-3.0079468740595932e+09
5.4878446029539967e+08
-1.3223996904285500e+11
-4.3280169028966858e+10
-7.3812845219325272e+10
1.0060302500779472e+10
5.8253226734590807e+09
1.0060302500779472e+10
-2.2612094838387581e+10
1.4836569810896692e+09
1.4136185555804035e+10
-9.2810705563410139e+08
1.1255196281281738e+10
-9.2810705563410139e+08
-5.3418325349827255e+10
-1.0348202756940730e+11
-5.3418325349827255e+10
5.0566876431109329e+10
-1.1938620783167699e+11
5.0566876431109329e+10
4.6970000350947495e+10
-7.3799696898199768e+10
4.6970000350947495e+10
-2.3220393843523865e+09
5.2266536541940186e+11
-2.3220393843523865e+09
-4.3280169028966873e+10
-6.4381301721014435e+10
-4.3280169028966873e+10
1.4836569810896816e+09
-1.6161613139910345e+11
1.4836569810896816e+09
-1.9911857877333950e+10
-5.3418325349827248e+10
-5.9405566667433395e+10
7.3068416784224472e+09
8.8999723310373535e+09
7.3068416784224472e+09
-1.3843975977847923e+10
5.0566876431109344e+10
-5.4376224738147499e+10
-6.5585731029191837e+09
1.0972755849709949e+10
-6.5585731029191837e+09
-8.1828512909878052e+10
4.6970000350947472e+10
-1.4726934200537766e+11
8.9327113299375172e+09
-5.8001561000660839e+09
8.9327113299375172e+09
1.7526100642858112e+11
-2.3220393843523788e+09
4.1590319729220105e+11
-5.4878446029539967e+08
3.0079468740595932e+09
-5.4878446029539967e+08
-7.3812845219325272e+10
-4.3280169028966858e+10
-1.3223996904285500e+11
-1.0060302500779472e+10
-5.8253226734590807e+09
-1.0060302500779472e+10
1.4136185555804035e+10
1.4836569810896692e+09
-2.2612094838387581e+10
9.2810705563410139e+08
-1.1255196281281738e+10
9.2810705563410139e+08
4.0727570165216417e+09
-4.0727570165216417e+09
-1.5968593847457056e+09
-2.8319283962779369e+09
-1.5968593847457056e+09
-4.2121543586116600e+09
4.2121543586116600e+09
-1.2023565459902008e+09
2.2240888202024207e+09
-1.2023565459902008e+09
9.3757988867732449e+09
-9.3757988867732449e+09
-7.0125079490379524e+09
2.2248795010496573e+09
-7.0125079490379524e+09
5.4878446029540062e+08
-5.4878446029540062e+08
3.2700749365583504e+10
-1.7980449090748119e+08
3.2700749365583504e+10
-9.2670150603668690e+09
9.2670150603668690e+09
-5.4184590953624935e+09
-1.8038721925576823e+09
-5.4184590953624935e+09
-5.1817094461175764e+08
5.1817094461175764e+08
1.9614311646842301e+07
3.6663675849101901e+08
1.9614311646842301e+07
9.8798543569126816e+09
-9.8798543569126816e+09
-1.4074204388705280e+09
-3.8371528502815704e+09
-1.4074204388705280e+09
1.0330640542123297e+10
-1.0330640542123297e+10
1.3915512334394710e+09
-4.1302873578075619e+09
1.3915512334394710e+09
-3.8269645764460325e+09
3.8269645764460325e+09
2.7390533008604712e+09
-5.7928382264979792e+09
2.7390533008604712e+09
-3.0079468740595989e+09
3.0079468740595989e+09
-1.7980449090748024e+08
6.1128702812237427e+10
-1.7980449090748024e+08
-3.6619836504895988e+09
3.6619836504895988e+09
-2.3025129133067937e+09
-4.6574481271957321e+09
-2.3025129133067937e+09
-9.7135997980407524e+09
9.7135997980407524e+09
-2.4086669121514356e+08
-7.7306148462665987e+09
-2.4086669121514356e+08
4.0727570165216417e+09
-4.0727570165216417e+09
-1.5968593847457056e+09
-2.8319283962779369e+09
-1.5968593847457056e+09
-4.2121543586116600e+09
4.2121543586116600e+09
-1.2023565459902008e+09
2.2240888202024207e+09
-1.2023565459902008e+09
9.3757988867732449e+09
-9.3757988867732449e+09
-7.0125079490379524e+09
2.2248795010496573e+09
-7.0125079490379524e+09
5.4878446029540062e+08
-5.4878446029540062e+08
3.2700749365583504e+10
-1.7980449090748119e+08
3.2700749365583504e+10
-9.2670150603668690e+09
9.2670150603668690e+09
-5.4184590953624935e+09
-1.8038721925576823e+09
-5.4184590953624935e+09
-5.1817094461175764e+08
5.1817094461175764e+08
1.9614311646842301e+07
3.6663675849101901e+08
1.9614311646842301e+07
-1.8254724830077995e+10
-4.1113545700549667e+10
8.2421157488144417e+09
-2.3836769837041407e+09
-1.0062842566344749e+10
-2.3836769837041407e+09
-1.0224528467938269e+11
-4.7507208353944645e+09
-6.5321722324489555e+10
-9.1438862808440399e+09
-2.9784527316443557e+08
-9.1438862808440399e+09
-6.9985939437405167e+10
5.4982437544557724e+10
-1.4697553191871639e+10
4.7718533380980339e+09
-1.0775071862518887e+10
4.7718533380980339e+09
3.6784783747592407e+11
-1.7412474855471710e+10
1.4070912372897614e+11
-3.8991591340000153e+08
-1.1019770523091125e+08
-3.8991591340000153e+08
-8.1424509213976135e+10
8.5309783681968403e+09
-5.5383251037225380e+10
7.1113935875440350e+09
-1.8878506241675911e+09
7.1113935875440350e+09
-4.1113545700549683e+10
-1.1262991016961002e+11
-4.1113545700549683e+10
-4.7507208353944511e+09
-3.3363387530617962e+09
-4.7507208353944511e+09
5.4982437544557724e+10
-1.7122275227862134e+11
5.4982437544557724e+10
-1.7412474855471729e+10
5.4277079956668762e+11
-1.7412474855471729e+10
8.5309783681968460e+09
1.6273936690240774e+10
8.5309783681968460e+09
8.2421157488144417e+09
-4.1113545700549667e+10
-1.8254724830077995e+10
2.3836769837041407e+09
1.0062842566344749e+10
2.3836769837041407e+09
-6.5321722324489555e+10
-4.7507208353944645e+09
-1.0224528467938269e+11
9.1438862808440399e+09
2.9784527316443557e+08
9.1438862808440399e+09
-1.4697553191871639e+10
5.4982437544557724e+10
-6.9985939437405167e+10
-4.7718533380980339e+09
1.0775071862518887e+10
-4.7718533380980339e+09
1.4070912372897614e+11
-1.7412474855471710e+10
3.6784783747592407e+11
3.8991591340000153e+08
1.1019770523091125e+08
3.8991591340000153e+08
-5.5383251037225380e+10
8.5309783681968403e+09
-8.1424509213976135e+10
-7.1113935875440350e+09
1.8878506241675911e+09
-7.1113935875440350e+09
3.7460355892747421e+09
-3.7460355892747421e+09
7.9709522623098207e+08
-1.3344696182345514e+09
7.9709522623098207e+08
8.9837629131797905e+09
-8.9837629131797905e+09
-2.7182217892325096e+09
-2.5273369280474615e+08
-2.7182217892325096e+09
-5.2117264344799366e+09
5.2117264344799366e+09
-2.5773538450997510e+09
2.5981189023715067e+09
-2.5773538450997510e+09
-3.8991591339999962e+08
3.8991591339999962e+08
3.2712502642046268e+10
-1.0211228835927978e+09
3.2712502642046268e+10
-7.0660437849482565e+09
7.0660437849482565e+09
-2.1802884404568067e+09
-1.3936420139982700e+06
-2.1802884404568067e+09
8.8691713791416283e+09
-8.8691713791416283e+09
-2.1853890430085907e+09
-3.0094658913951874e+09
-2.1853890430085907e+09
9.5676885359438467e+08
-9.5676885359438467e+08
-4.9412293810035586e+06
8.5446702629552150e+08
-4.9412293810035586e+06
1.2991878228674122e+10
-1.2991878228674122e+10
2.4202112890754914e+09
-9.2080064819076309e+09
2.4202112890754914e+09
-1.1019770523090839e+08
1.1019770523090839e+08
-1.0211228835927997e+09
6.7487704421249390e+10
-1.0211228835927997e+09
-3.2020012412484467e+08
3.2020012412484467e+08
8.0779412465818584e+08
2.6633272013590012e+09
8.0779412465818584e+08
3.7460355892747421e+09
-3.7460355892747421e+09
7.9709522623098207e+08
-1.3344696182345514e+09
7.9709522623098207e+08
8.9837629131797905e+09
-8.9837629131797905e+09
-2.7182217892325096e+09
-2.5273369280474615e+08
-2.7182217892325096e+09
-5.2117264344799366e+09
5.2117264344799366e+09
-2.5773538450997510e+09
2.5981189023715067e+09
-2.5773538450997510e+09
-3.8991591339999962e+08
3.8991591339999962e+08
3.2712502642046268e+10
-1.0211228835927978e+09
3.2712502642046268e+10
-7.0660437849482565e+09
7.0660437849482565e+09
-2.1802884404568067e+09
-1.3936420139982700e+06
-2.1802884404568067e+09
1.0000000000000000e+00
1.0000000000000000e+00
1.0000000000000000e+00
1.0000000000000000e+00
1.0000000000000000e+00
1.0000000000000000e+00
-1.1285933838240770e+10
-1.9873038676821503e+10
1.6835913594423279e+10
-2.0779319806687360e+09
-1.1033057453756517e+10
-2.0779319806687360e+09
-1.3223996904285497e+11
-4.3280169028966858e+10
-7.3812845219325256e+10
-9.2670150603668690e+09
-3.6619836504895983e+09
-9.2670150603668690e+09
3.8704366590803748e+11
1.6828864567231508e+10
1.5449789871595184e+11
-1.3280369591807270e+08
-1.7249925935350399e+09
-1.3280369591807270e+08
-3.7128685543573540e+10
5.0798161236250351e+10
-1.9005373604582840e+10
-4.5014399192995386e+09
5.0621825183067465e+09
-4.5014399192995386e+09
-4.7320238337670700e+10
-1.1575718283665142e+10
7.8442982047266788e+09
1.6348098414032483e+09
1.1958394003158686e+10
1.6348098414032483e+09
-1.9873038676821495e+10
-1.3571395930165610e+11
-1.9873038676821495e+10
-4.3280169028966843e+10
-6.4381301721014435e+10
-4.3280169028966843e+10
1.6828864567231485e+10
5.3481312923652167e+11
1.6828864567231485e+10
5.0798161236250351e+10
-2.7750984683743477e+10
5.0798161236250351e+10
-1.1575718283665148e+10
-2.1585705757758099e+11
-1.1575718283665148e+10
1.6835913594423279e+10
-1.9873038676821503e+10
-1.1285933838240770e+10
2.0779319806687360e+09
1.1033057453756517e+10
2.0779319806687360e+09
-7.3812845219325256e+10
-4.3280169028966858e+10
-1.3223996904285497e+11
9.2670150603668690e+09
3.6619836504895983e+09
9.2670150603668690e+09
1.5449789871595184e+11
1.6828864567231508e+10
3.8704366590803748e+11
1.3280369591807270e+08
1.7249925935350399e+09
1.3280369591807270e+08
-1.9005373604582840e+10
5.0798161236250351e+10
-3.7128685543573540e+10
4.5014399192995386e+09
-5.0621825183067465e+09
4.5014399192995386e+09
7.8442982047266788e+09
-1.1575718283665142e+10
-4.7320238337670700e+10
-1.6348098414032483e+09
-1.1958394003158686e+10
-1.6348098414032483e+09
7.3903915351618266e+08
-7.3903915351618266e+08
1.0161496583979716e+09
-1.2185578548574283e+09
1.0161496583979716e+09
1.0060302500779472e+10
-1.0060302500779472e+10
-5.4184590953624935e+09
-2.3025129133067932e+09
-5.4184590953624935e+09
-1.3280369591807175e+08
1.3280369591807175e+08
3.2877769561670784e+10
9.9385436843901777e+08
3.2877769561670784e+10
4.2015815572677865e+09
-4.2015815572677865e+09
-2.8129190964115810e+08
2.7070773870524416e+09
-2.8129190964115810e+08
-4.0607654215392423e+08
4.0607654215392423e+08
-1.5531063330604839e+09
-7.4612891025688291e+08
-1.5531063330604839e+09
1.0492603820492828e+10
-1.0492603820492828e+10
-5.3209086582326710e+08
-3.6127457707091742e+09
-5.3209086582326710e+08
5.8253226734590836e+09
-5.8253226734590836e+09
-1.8038721925576816e+09
-4.6574481271957321e+09
-1.8038721925576816e+09
-1.7249925935350409e+09
1.7249925935350409e+09
9.9385436843901682e+08
6.5628139278339607e+10
9.9385436843901682e+08
-5.0110295716763191e+09
5.0110295716763191e+09
2.6283453601443424e+09
8.1461476215712202e+08
2.6283453601443424e+09
-1.4092870332475311e+10
1.4092870332475311e+10
-1.9111201110393673e+08
-1.1930745737820337e+10
-1.9111201110393673e+08
7.3903915351618266e+08
-7.3903915351618266e+08
1.0161496583979716e+09
-1.2185578548574283e+09
1.0161496583979716e+09
1.0060302500779472e+10
-1.0060302500779472e+10
-5.4184590953624935e+09
-2.3025129133067932e+09
-5.4184590953624935e+09
-1.3280369591807175e+08
1.3280369591807175e+08
3.2877769561670784e+10
9.9385436843901777e+08
3.2877769561670784e+10
4.2015815572677865e+09
-4.2015815572677865e+09
-2.8129190964115810e+08
2.7070773870524416e+09
-2.8129190964115810e+08
-4.0607654215392423e+08
4.0607654215392423e+08
-1.5531063330604839e+09
-7.4612891025688291e+08
-1.5531063330604839e+09
1.0000000000000000e+00
1.0000000000000000e+00
1.0000000000000000e+00
1.0000000000000000e+00
1.0000000000000000e+00
1.0000000000000000e+00
-5.6986064731214394e+10
-5.3985550142232697e+10
-2.0223989428988262e+10
-4.1344050983029842e+09
-7.8404206678572693e+09
-4.1344050983029842e+09
-2.2612094838387592e+10
1.4836569810896721e+09
1.4136185555804020e+10
-5.1817094461175764e+08
-9.7135997980407524e+09
-5.1817094461175764e+08
-8.1424509213976120e+10
8.5309783681968498e+09
-5.5383251037225357e+10
-7.0660437849482574e+09
-3.2020012412484407e+08
-7.0660437849482574e+09
-3.7128685543573540e+10
5.0798161236250351e+10
-1.9005373604582840e+10
4.2015815572677860e+09
-5.0110295716763172e+09
4.2015815572677860e+09
3.6052661343742029e+11
8.6902056469107990e+09
1.4012919542191916e+11
2.3663341229919434e+08
1.8756298596525955e+09
2.3663341229919434e+08
-1.0062228529538884e+11
-1.6583541984615782e+10
-6.1381345340451424e+10
7.4860162684953403e+09
1.3084866440973129e+09
7.4860162684953403e+09
-5.3985550142232689e+10
-9.2945837238672653e+10
-5.3985550142232689e+10
1.4836569810896683e+09
-1.6161613139910342e+11
1.4836569810896683e+09
8.5309783681968327e+09
1.6273936690240789e+10
8.5309783681968327e+09
5.0798161236250359e+10
-2.7750984683743477e+10
5.0798161236250359e+10
8.6902056469107857e+09
5.1946938309812335e+11
8.6902056469107857e+09
-1.6583541984615774e+10
-1.9625862869870277e+10
-1.6583541984615774e+10
-2.0223989428988262e+10
-5.3985550142232697e+10
-5.6986064731214394e+10
4.1344050983029842e+09
7.8404206678572693e+09
4.1344050983029842e+09
1.4136185555804020e+10
1.4836569810896721e+09
-2.2612094838387592e+10
5.1817094461175764e+08
9.7135997980407524e+09
5.1817094461175764e+08
-5.5383251037225357e+10
8.5309783681968498e+09
-8.1424509213976120e+10
7.0660437849482574e+09
3.2020012412484407e+08
7.0660437849482574e+09
-1.9005373604582840e+10
5.0798161236250351e+10
-3.7128685543573540e+10
-4.2015815572677860e+09
5.0110295716763172e+09
-4.2015815572677860e+09
1.4012919542191916e+11
8.6902056469107990e+09
3.6052661343742029e+11
-2.3663341229919434e+08
-1.8756298596525955e+09
-2.3663341229919434e+08
-6.1381345340451424e+10
-1.6583541984615782e+10
-1.0062228529538884e+11
-7.4860162684953403e+09
-1.3084866440973129e+09
-7.4860162684953403e+09
5.9882067886994371e+09
-5.9882067886994371e+09
-1.7090665251496131e+09
-2.4099009016866078e+09
-1.7090665251496131e+09
-9.2810705563410175e+08
9.2810705563410175e+08
1.9614311646841407e+07
-2.4086669121514368e+08
1.9614311646841407e+07
7.1113935875440350e+09
-7.1113935875440350e+09
-2.1802884404568052e+09
8.0779412465818584e+08
-2.1802884404568052e+09
-4.5014399192995386e+09
4.5014399192995386e+09
-2.8129190964115727e+08
2.6283453601443434e+09
-2.8129190964115727e+08
2.3663341229919815e+08
-2.3663341229919815e+08
3.2556845524950150e+10
5.2151817806756020e+08
3.2556845524950150e+10
-8.9007197849516239e+09
8.9007197849516239e+09
-3.4318968352446775e+09
-8.7535842557522845e+08
-3.4318968352446775e+09
7.5772820513503437e+09
-7.5772820513503437e+09
-3.0488662321807270e+09
-4.2486301143231215e+09
-3.0488662321807270e+09
1.1255196281281738e+10
-1.1255196281281738e+10
3.6663675849101943e+08
-7.7306148462665997e+09
3.6663675849101943e+08
-1.8878506241675906e+09
1.8878506241675906e+09
-1.3936420139977932e+06
2.6633272013590031e+09
-1.3936420139977932e+06
5.0621825183067474e+09
-5.0621825183067474e+09
2.7070773870524416e+09
8.1461476215712214e+08
2.7070773870524416e+09
1.8756298596525946e+09
-1.8756298596525946e+09
5.2151817806755972e+08
6.6273631240461159e+10
5.2151817806755972e+08
-2.4393670508096685e+09
2.4393670508096685e+09
-6.1116812179879010e+08
-6.4120508608506858e+08
-6.1116812179879010e+08
5.9882067886994371e+09
-5.9882067886994371e+09
-1.7090665251496131e+09
-2.4099009016866078e+09
-1.7090665251496131e+09
-9.2810705563410175e+08
9.2810705563410175e+08
1.9614311646841407e+07
-2.4086669121514368e+08
1.9614311646841407e+07
7.1113935875440350e+09
-7.1113935875440350e+09
-2.1802884404568052e+09
8.0779412465818584e+08
-2.1802884404568052e+09
-4.5014399192995386e+09
4.5014399192995386e+09
-2.8129190964115727e+08
2.6283453601443434e+09
-2.8129190964115727e+08
2.3663341229919815e+08
-2.3663341229919815e+08
3.2556845524950150e+10
5.2151817806756020e+08
3.2556845524950150e+10
-8.9007197849516239e+09
8.9007197849516239e+09
-3.4318968352446775e+09
-8.7535842557522845e+08
-3.4318968352446775e+09
1.0000000000000000e+00
1.0000000000000000e+00
1.0000000000000000e+00
1.0000000000000000e+00
1.0000000000000000e+00
1.0000000000000000e+00
-4.7320238337670700e+10
-1.1575718283665142e+10
7.8442982047266874e+09
-4.0607654215392387e+08
-1.4092870332475315e+10
-4.0607654215392387e+08
-1.0062228529538882e+11
-1.6583541984615774e+10
-6.1381345340451408e+10
-8.9007197849516258e+09
-2.4393670508096685e+09
-8.9007197849516258e+09
3.8943456934367291e+11
-3.2419761723584370e+10
1.4985160031651883e+11
1.3861876386550188e+08
2.5903457458837509e+09
1.3861876386550188e+08
-1.1575718283665150e+10
-2.1585705757758099e+11
-1.1575718283665150e+10
-1.6583541984615778e+10
-1.9625862869870262e+10
-1.6583541984615778e+10
-3.2419761723584377e+10
5.6964071555120740e+11
-3.2419761723584377e+10
7.8442982047266874e+09
-1.1575718283665142e+10
-4.7320238337670700e+10
4.0607654215392387e+08
1.4092870332475315e+10
4.0607654215392387e+08
-6.1381345340451408e+10
-1.6583541984615774e+10
-1.0062228529538882e+11
8.9007197849516258e+09
2.4393670508096685e+09
8.9007197849516258e+09
1.4985160031651883e+11
-3.2419761723584370e+10
3.8943456934367291e+11
-1.3861876386550188e+08
-2.5903457458837509e+09
-1.3861876386550188e+08
1.6348098414032483e+09
-1.6348098414032483e+09
-1.5531063330604835e+09
-1.9111201110393620e+08
-1.5531063330604835e+09
7.4860162684953403e+09
-7.4860162684953403e+09
-3.4318968352446766e+09
-6.1116812179878974e+08
-3.4318968352446766e+09
1.3861876386550021e+08
-1.3861876386550021e+08
3.0993356642233372e+10
-1.9176291415903406e+09
3.0993356642233372e+10
1.1958394003158684e+10
-1.1958394003158684e+10
-7.4612891025688386e+08
-1.1930745737820339e+10
-7.4612891025688386e+08
1.3084866440973134e+09
-1.3084866440973134e+09
-8.7535842557522821e+08
-6.4120508608506989e+08
-8.7535842557522821e+08
2.5903457458837509e+09
-2.5903457458837509e+09
-1.9176291415903368e+09
6.3810214432125595e+10
-1.9176291415903368e+09
1.6348098414032483e+09
-1.6348098414032483e+09
-1.5531063330604835e+09
-1.9111201110393620e+08
-1.5531063330604835e+09
7.4860162684953403e+09
-7.4860162684953403e+09
-3.4318968352446766e+09
-6.1116812179878974e+08
-3.4318968352446766e+09
1.3861876386550021e+08
-1.3861876386550021e+08
3.0993356642233372e+10
-1.9176291415903406e+09
3.0993356642233372e+10
1.0000000000000000e+00
1.0000000000000000e+00
1.0000000000000000e+00
1.0000000000000000e+00
1.0000000000000000e+00
1.0000000000000000e+00
1.0000000000000000e+00
1.0000000000000000e+00
1.0000000000000000e+00
1.0000000000000000e+00
1.0000000000000000e+00
1.0000000000000000e+00
1.0000000000000000e+00
1.0000000000000000e+00
1.0000000000000000e+00
1.0000000000000000e+00
1.0000000000000000e+00
1.0000000000000000e+00
