114
0
3
7
12
16
20
26
33
37
41
47
53
58
64
68
72
76
80
86
92
98
104
110
114
120
126
132
136
140
144
148
154
160
166
172
178
182
188
194
200
206
212
218
223
226
232
238
244
250
256
260
266
272
277
284
290
296
300
307
313
319
323
329
335
341
347
353
359
365
369
374
379
385
391
395
401
407
413
419
425
431
435
442
448
454
458
464
470
474
480
486
492
496
502
507
514
520
526
531
534
540
546
550
557
562
567
574
578
584
588
594
600
604
608
612
1
2
3
0
2
4
5
0
1
3
5
6
0
2
6
7
1
5
8
9
1
2
4
6
9
10
2
3
5
7
10
11
12
3
6
12
13
4
9
14
17
4
5
8
10
17
18
5
6
9
11
18
19
6
10
12
19
20
6
7
11
13
20
21
7
12
21
22
8
15
17
23
14
16
23
24
15
24
25
26
8
9
14
18
23
30
9
10
17
19
30
31
10
11
18
20
31
32
11
12
19
21
32
33
12
13
20
22
33
34
13
21
34
35
14
15
17
24
30
36
15
16
23
25
36
37
16
24
26
37
38
39
16
25
27
39
26
28
39
40
27
29
40
41
28
41
42
43
17
18
23
31
36
44
18
19
30
32
44
45
19
20
31
33
45
46
20
21
32
34
46
47
21
22
33
35
47
48
22
34
48
49
23
24
30
37
44
50
24
25
36
38
50
51
25
37
39
51
52
53
25
26
27
38
40
53
27
28
39
41
53
54
28
29
40
42
54
55
29
41
43
55
56
29
42
56
30
31
36
45
50
57
31
32
44
46
57
58
32
33
45
47
58
59
33
34
46
48
59
61
34
35
47
49
61
62
35
48
60
62
36
37
44
51
57
63
37
38
50
52
63
64
38
51
53
64
65
38
39
40
52
54
65
66
40
41
53
55
66
67
41
42
54
56
67
68
42
43
55
68
44
45
50
58
63
69
70
45
46
57
59
69
71
46
47
58
61
71
72
49
62
73
74
47
48
59
62
72
75
48
49
60
61
74
75
50
51
57
64
70
76
51
52
63
65
76
77
52
53
64
66
77
78
53
54
65
67
78
79
54
55
66
68
79
80
55
56
67
80
57
58
70
71
81
57
63
69
76
81
58
59
69
72
81
82
59
61
71
75
82
83
60
74
84
85
60
62
73
75
85
86
61
62
72
74
83
86
63
64
70
77
81
88
64
65
76
78
88
89
65
66
77
79
89
90
66
67
78
80
90
91
67
68
79
91
69
70
71
76
82
88
92
71
72
81
83
92
93
72
75
82
86
93
94
73
85
87
95
73
74
84
86
95
96
74
75
83
85
94
96
84
95
97
98
76
77
81
89
92
99
77
78
88
90
99
100
78
79
89
91
100
101
79
80
90
101
81
82
88
93
99
102
82
83
92
94
102
83
86
93
96
102
103
104
84
85
87
96
97
105
85
86
94
95
103
105
87
95
98
105
106
87
97
106
88
89
92
100
102
107
89
90
99
101
107
108
90
91
100
108
92
93
94
99
104
107
109
94
96
104
105
110
94
102
103
109
110
95
96
97
103
106
110
111
97
98
105
111
99
100
102
108
109
112
100
101
107
112
102
104
107
110
112
113
103
104
105
109
111
113
105
106
110
113
107
108
109
113
109
110
111
112
