80
0
3
7
11
16
20
24
28
34
40
47
51
58
63
66
72
77
82
88
92
98
104
108
115
121
127
131
137
143
147
153
159
165
169
175
181
185
189
195
201
207
211
217
223
227
233
239
245
251
255
259
265
271
275
281
287
293
299
304
307
313
319
323
330
335
342
346
351
357
361
367
373
377
384
388
394
398
403
407
411
414
1
3
4
0
2
3
7
1
5
7
8
0
1
4
7
9
0
3
9
10
2
6
8
11
5
11
12
13
1
2
3
8
9
14
2
5
7
11
14
15
3
4
7
10
14
16
17
4
9
17
18
5
6
8
12
15
19
20
6
11
13
20
21
6
12
21
7
8
9
15
16
22
8
11
14
19
22
9
14
17
22
23
9
10
16
18
23
24
10
17
24
25
11
15
20
22
26
27
11
12
19
21
27
28
12
13
20
28
14
15
16
19
23
26
29
16
17
22
24
29
30
17
18
23
25
30
31
18
24
31
32
19
22
27
29
33
34
19
20
26
28
34
35
20
21
27
35
22
23
26
30
33
37
23
24
29
31
37
38
24
25
30
32
38
39
25
31
36
39
26
29
34
37
41
42
26
27
33
35
42
43
27
28
34
43
32
39
40
44
29
30
33
38
41
45
30
31
37
39
45
46
31
32
36
38
44
46
36
44
47
48
33
37
42
45
50
51
33
34
41
43
51
52
34
35
42
52
36
39
40
46
47
53
37
38
41
46
50
54
38
39
44
45
53
54
40
44
48
53
55
56
40
47
49
56
48
56
57
58
41
45
51
54
59
60
41
42
50
52
60
61
42
43
51
61
44
46
47
54
55
62
45
46
50
53
59
62
47
53
56
62
63
64
47
48
49
55
57
64
49
56
58
64
65
49
57
65
50
54
60
62
66
67
50
51
59
61
67
68
51
52
60
68
53
54
55
59
63
66
69
55
62
64
69
70
55
56
57
63
65
70
71
57
58
64
71
59
62
67
69
72
59
60
66
68
72
73
60
61
67
73
62
63
66
70
72
74
63
64
69
71
74
75
64
65
70
75
66
67
69
73
74
76
77
67
68
72
77
69
70
72
75
76
78
70
71
74
78
72
74
77
78
79
72
73
76
79
74
75
76
79
76
77
78
