80
0	0	0.0000000000000000e+00	0.0000000000000000e+00	0.0000000000000000e+00	0.0000000000000000e+00	0.0000000000000000e+00	1.0000000000000000e+00
1	0	0.0000000000000000e+00	9.9999999999999978e-01	0.0000000000000000e+00	0.0000000000000000e+00	0.0000000000000000e+00	1.0000000000000000e+00
2	0	0.0000000000000000e+00	2.0000000000000000e+00	0.0000000000000000e+00	0.0000000000000000e+00	0.0000000000000000e+00	1.0000000000000000e+00
3	0	6.4005059707766376e-01	6.9547895575664320e-01	0.0000000000000000e+00	0.0000000000000000e+00	0.0000000000000000e+00	1.0000000000000000e+00
4	0	1.0000000000000000e+00	0.0000000000000000e+00	0.0000000000000000e+00	0.0000000000000000e+00	0.0000000000000000e+00	1.0000000000000000e+00
5	0	0.0000000000000000e+00	3.0000000000000000e+00	0.0000000000000000e+00	0.0000000000000000e+00	0.0000000000000000e+00	1.0000000000000000e+00
6	0	0.0000000000000000e+00	4.0000000000000000e+00	0.0000000000000000e+00	0.0000000000000000e+00	0.0000000000000000e+00	1.0000000000000000e+00
7	0	7.3126444190172668e-01	1.4991773034715861e+00	0.0000000000000000e+00	0.0000000000000000e+00	0.0000000000000000e+00	1.0000000000000000e+00
8	0	7.4497052169017808e-01	2.4283663383155218e+00	0.0000000000000000e+00	0.0000000000000000e+00	0.0000000000000000e+00	1.0000000000000000e+00
9	0	1.4990421758551742e+00	8.7349592171504176e-01	0.0000000000000000e+00	0.0000000000000000e+00	0.0000000000000000e+00	1.0000000000000000e+00
10	0	2.0000000000000000e+00	0.0000000000000000e+00	0.0000000000000000e+00	0.0000000000000000e+00	0.0000000000000000e+00	1.0000000000000000e+00
11	0	9.0390995221909076e-01	3.5006564033794585e+00	0.0000000000000000e+00	0.0000000000000000e+00	0.0000000000000000e+00	1.0000000000000000e+00
12	0	7.5268251761757110e-01	4.3434380675632749e+00	0.0000000000000000e+00	0.0000000000000000e+00	0.0000000000000000e+00	1.0000000000000000e+00
13	0	0.0000000000000000e+00	5.0000000000000000e+00	0.0000000000000000e+00	0.0000000000000000e+00	0.0000000000000000e+00	1.0000000000000000e+00
14	0	1.5452305371653807e+00	1.9175468031133525e+00	0.0000000000000000e+00	0.0000000000000000e+00	0.0000000000000000e+00	1.0000000000000000e+00
15	0	1.5472900361241670e+00	2.6953890228808786e+00	0.0000000000000000e+00	0.0000000000000000e+00	0.0000000000000000e+00	1.0000000000000000e+00
16	0	2.2291058088994120e+00	1.5457824741025705e+00	0.0000000000000000e+00	0.0000000000000000e+00	0.0000000000000000e+00	1.0000000000000000e+00
17	0	2.5313833960553955e+00	8.2407578369629864e-01	0.0000000000000000e+00	0.0000000000000000e+00	0.0000000000000000e+00	1.0000000000000000e+00
18	0	3.0000000000000000e+00	0.0000000000000000e+00	0.0000000000000000e+00	0.0000000000000000e+00	0.0000000000000000e+00	1.0000000000000000e+00
19	0	1.9819318568728761e+00	3.3729549995496502e+00	0.0000000000000000e+00	0.0000000000000000e+00	0.0000000000000000e+00	1.0000000000000000e+00
20	0	1.5072463606433972e+00	4.2650086490871733e+00	0.0000000000000000e+00	0.0000000000000000e+00	0.0000000000000000e+00	1.0000000000000000e+00
21	0	9.9999999999999978e-01	5.0000000000000000e+00	0.0000000000000000e+00	0.0000000000000000e+00	0.0000000000000000e+00	1.0000000000000000e+00
22	0	2.4085831590469620e+00	2.4350963477069456e+00	0.0000000000000000e+00	0.0000000000000000e+00	0.0000000000000000e+00	1.0000000000000000e+00
23	0	3.0374754807406168e+00	1.6305553076281298e+00	0.0000000000000000e+00	0.0000000000000000e+00	0.0000000000000000e+00	1.0000000000000000e+00
24	0	3.4939769203727011e+00	8.3152785482734526e-01	0.0000000000000000e+00	0.0000000000000000e+00	0.0000000000000000e+00	1.0000000000000000e+00
25	0	4.0000000000000000e+00	0.0000000000000000e+00	0.0000000000000000e+00	0.0000000000000000e+00	0.0000000000000000e+00	1.0000000000000000e+00
26	0	2.9645347179487613e+00	3.3077687806118838e+00	0.0000000000000000e+00	0.0000000000000000e+00	0.0000000000000000e+00	1.0000000000000000e+00
27	0	2.4810629520821914e+00	4.1549678249178683e+00	0.0000000000000000e+00	0.0000000000000000e+00	0.0000000000000000e+00	1.0000000000000000e+00
28	0	1.9999999999999996e+00	5.0000000000000000e+00	0.0000000000000000e+00	0.0000000000000000e+00	0.0000000000000000e+00	1.0000000000000000e+00
29	0	3.4355483115573850e+00	2.4623426083423716e+00	0.0000000000000000e+00	0.0000000000000000e+00	0.0000000000000000e+00	1.0000000000000000e+00
30	0	3.9951185619739187e+00	1.6508448615822569e+00	0.0000000000000000e+00	0.0000000000000000e+00	0.0000000000000000e+00	1.0000000000000000e+00
31	0	4.4858895282784488e+00	8.2268307326697432e-01	0.0000000000000000e+00	0.0000000000000000e+00	0.0000000000000000e+00	1.0000000000000000e+00
32	0	5.0000000000000000e+00	0.0000000000000000e+00	0.0000000000000000e+00	0.0000000000000000e+00	0.0000000000000000e+00	1.0000000000000000e+00
33	0	3.9691628354844557e+00	3.3427422159382001e+00	0.0000000000000000e+00	0.0000000000000000e+00	0.0000000000000000e+00	1.0000000000000000e+00
34	0	3.4923371339552656e+00	4.1652048979334921e+00	0.0000000000000000e+00	0.0000000000000000e+00	0.0000000000000000e+00	1.0000000000000000e+00
35	0	2.9999999999999996e+00	5.0000000000000000e+00	0.0000000000000000e+00	0.0000000000000000e+00	0.0000000000000000e+00	1.0000000000000000e+00
36	0	5.9999999999999991e+00	0.0000000000000000e+00	0.0000000000000000e+00	0.0000000000000000e+00	0.0000000000000000e+00	1.0000000000000000e+00
37	0	4.4626384388009095e+00	2.5039780856423710e+00	0.0000000000000000e+00	0.0000000000000000e+00	0.0000000000000000e+00	1.0000000000000000e+00
38	0	4.9775637202906680e+00	1.6798224385616845e+00	0.0000000000000000e+00	0.0000000000000000e+00	0.0000000000000000e+00	1.0000000000000000e+00
39	0	5.4999999999999982e+00	8.6602540378443837e-01	0.0000000000000000e+00	0.0000000000000000e+00	0.0000000000000000e+00	1.0000000000000000e+00
40	0	7.0000000000000000e+00	0.0000000000000000e+00	0.0000000000000000e+00	0.0000000000000000e+00	0.0000000000000000e+00	1.0000000000000000e+00
41	0	4.9705478898265323e+00	3.3643747591305018e+00	0.0000000000000000e+00	0.0000000000000000e+00	0.0000000000000000e+00	1.0000000000000000e+00
42	0	4.4873863778634497e+00	4.1677152250946268e+00	0.0000000000000000e+00	0.0000000000000000e+00	0.0000000000000000e+00	1.0000000000000000e+00
43	0	4.0000000000000000e+00	4.9999999999999991e+00	0.0000000000000000e+00	0.0000000000000000e+00	0.0000000000000000e+00	1.0000000000000000e+00
44	0	6.4999999999999982e+00	8.6602540378443837e-01	0.0000000000000000e+00	0.0000000000000000e+00	0.0000000000000000e+00	1.0000000000000000e+00
45	0	5.5042107707077239e+00	2.5519970324699170e+00	0.0000000000000000e+00	0.0000000000000000e+00	0.0000000000000000e+00	1.0000000000000000e+00
46	0	5.9933114154064793e+00	1.7009650039534785e+00	0.0000000000000000e+00	0.0000000000000000e+00	0.0000000000000000e+00	1.0000000000000000e+00
47	0	7.5011199324235829e+00	8.2122114900987420e-01	0.0000000000000000e+00	0.0000000000000000e+00	0.0000000000000000e+00	1.0000000000000000e+00
48	0	8.0000000000000000e+00	0.0000000000000000e+00	0.0000000000000000e+00	0.0000000000000000e+00	0.0000000000000000e+00	1.0000000000000000e+00
49	0	9.0000000000000000e+00	0.0000000000000000e+00	0.0000000000000000e+00	0.0000000000000000e+00	0.0000000000000000e+00	1.0000000000000000e+00
50	0	5.9677095988426139e+00	3.3601215702259903e+00	0.0000000000000000e+00	0.0000000000000000e+00	0.0000000000000000e+00	1.0000000000000000e+00
51	0	5.4710241896800209e+00	4.1707835812607552e+00	0.0000000000000000e+00	0.0000000000000000e+00	0.0000000000000000e+00	1.0000000000000000e+00
52	0	5.0000000000000000e+00	5.0000000000000000e+00	0.0000000000000000e+00	0.0000000000000000e+00	0.0000000000000000e+00	1.0000000000000000e+00
53	0	7.0135455238741233e+00	1.6609461142039872e+00	0.0000000000000000e+00	0.0000000000000000e+00	0.0000000000000000e+00	1.0000000000000000e+00
54	0	6.5344590603945587e+00	2.4963680502329511e+00	0.0000000000000000e+00	0.0000000000000000e+00	0.0000000000000000e+00	1.0000000000000000e+00
55	0	7.9780406831091355e+00	1.5476799506275229e+00	0.0000000000000000e+00	0.0000000000000000e+00	0.0000000000000000e+00	1.0000000000000000e+00
56	0	8.4565823505248972e+00	7.1728130540643864e-01	0.0000000000000000e+00	0.0000000000000000e+00	0.0000000000000000e+00	1.0000000000000000e+00
57	0	9.2874795174948677e+00	6.3642849885974018e-01	0.0000000000000000e+00	0.0000000000000000e+00	0.0000000000000000e+00	1.0000000000000000e+00
58	0	1.0000000000000000e+01	0.0000000000000000e+00	0.0000000000000000e+00	0.0000000000000000e+00	0.0000000000000000e+00	1.0000000000000000e+00
59	0	6.9743301565522380e+00	3.3484821204067803e+00	0.0000000000000000e+00	0.0000000000000000e+00	0.0000000000000000e+00	1.0000000000000000e+00
60	0	6.4551849495596443e+00	4.1780301458708866e+00	0.0000000000000000e+00	0.0000000000000000e+00	0.0000000000000000e+00	1.0000000000000000e+00
61	0	6.0000000000000000e+00	5.0000000000000000e+00	0.0000000000000000e+00	0.0000000000000000e+00	0.0000000000000000e+00	1.0000000000000000e+00
62	0	7.5866967888512651e+00	2.5452806187857213e+00	0.0000000000000000e+00	0.0000000000000000e+00	0.0000000000000000e+00	1.0000000000000000e+00
63	0	8.4592826647726032e+00	2.2910203356517833e+00	0.0000000000000000e+00	0.0000000000000000e+00	0.0000000000000000e+00	1.0000000000000000e+00
64	0	9.1078114710172215e+00	1.5137910599054094e+00	0.0000000000000000e+00	0.0000000000000000e+00	0.0000000000000000e+00	1.0000000000000000e+00
65	0	1.0000000000000000e+01	1.0000000000000000e+00	0.0000000000000000e+00	0.0000000000000000e+00	0.0000000000000000e+00	1.0000000000000000e+00
66	0	7.7498972863046003e+00	3.4479926990278376e+00	0.0000000000000000e+00	0.0000000000000000e+00	0.0000000000000000e+00	1.0000000000000000e+00
67	0	7.4337632112913781e+00	4.1632936402012728e+00	0.0000000000000000e+00	0.0000000000000000e+00	0.0000000000000000e+00	1.0000000000000000e+00
68	0	7.0000000000000000e+00	5.0000000000000000e+00	0.0000000000000000e+00	0.0000000000000000e+00	0.0000000000000000e+00	1.0000000000000000e+00
69	0	8.4342445749781199e+00	3.0675368929340596e+00	0.0000000000000000e+00	0.0000000000000000e+00	0.0000000000000000e+00	1.0000000000000000e+00
70	0	9.1950374057995639e+00	2.5424979260171976e+00	0.0000000000000000e+00	0.0000000000000000e+00	0.0000000000000000e+00	1.0000000000000000e+00
71	0	1.0000000000000000e+01	2.0000000000000000e+00	0.0000000000000000e+00	0.0000000000000000e+00	0.0000000000000000e+00	1.0000000000000000e+00
72	0	8.4550109489598047e+00	4.0927752143163598e+00	0.0000000000000000e+00	0.0000000000000000e+00	0.0000000000000000e+00	1.0000000000000000e+00
73	0	8.0000000000000000e+00	5.0000000000000000e+00	0.0000000000000000e+00	0.0000000000000000e+00	0.0000000000000000e+00	1.0000000000000000e+00
74	0	9.2634493686991011e+00	3.4638069448281694e+00	0.0000000000000000e+00	0.0000000000000000e+00	0.0000000000000000e+00	1.0000000000000000e+00
75	0	9.9999999999999982e+00	2.9999999999999996e+00	0.0000000000000000e+00	0.0000000000000000e+00	0.0000000000000000e+00	1.0000000000000000e+00
76	0	9.3414707151987759e+00	4.2445150612740381e+00	0.0000000000000000e+00	0.0000000000000000e+00	0.0000000000000000e+00	1.0000000000000000e+00
77	0	9.0000000000000000e+00	5.0000000000000000e+00	0.0000000000000000e+00	0.0000000000000000e+00	0.0000000000000000e+00	1.0000000000000000e+00
78	0	1.0000000000000000e+01	4.0000000000000000e+00	0.0000000000000000e+00	0.0000000000000000e+00	0.0000000000000000e+00	1.0000000000000000e+00
79	0	1.0000000000000000e+01	5.0000000000000000e+00	0.0000000000000000e+00	0.0000000000000000e+00	0.0000000000000000e+00	1.0000000000000000e+00
